2.294041 2.287947 10.940000 11.564490 0.100000 2.289281 11.425159
1.929298 1.923172 20.442499 20.999205 0.100000 1.923896 20.501593
1.785110 1.743569 30.792500 33.359875 0.100000 1.746710 32.424362
1.583767 1.553502 40.032497 41.371418 0.100000 1.560129 40.993233
1.421507 1.457514 50.279999 49.830814 0.100000 1.434478 50.467754
1.052915 1.045283 62.487499 62.559715 0.100000 1.023143 63.435509
1.073687 1.153603 63.344997 61.305733 0.100000 1.135605 61.823250
1.970345 2.146028 45.307499 42.834396 0.100000 2.140988 43.351910
0.928147 0.954149 68.967499 69.078423 0.100000 0.937707 68.889336
1.516490 1.628371 55.312500 53.383759 0.100000 1.582819 53.881371
1.353442 1.391287 59.837498 59.932327 0.100000 1.358678 60.499603
0.779627 0.803853 73.987495 73.347931 0.100000 0.778818 73.945068
0.658617 0.721672 78.502495 75.865845 0.050000 0.707340 76.791405
0.577933 0.632243 80.052498 78.632568 0.050000 0.614851 79.408836
0.870757 0.982308 70.852501 68.531052 0.050000 0.952429 69.237663
0.685393 0.755189 76.625000 74.840767 0.050000 0.744528 75.179138
0.610515 0.678752 79.772499 77.756767 0.050000 0.658779 77.975716
0.745786 0.838257 75.837502 73.328026 0.050000 0.813793 74.233681
0.575569 0.648509 80.727501 78.712181 0.050000 0.612972 79.767120
0.546697 0.605116 81.302498 80.473724 0.050000 0.584774 80.324448
0.658921 0.750317 78.557495 76.482880 0.050000 0.710372 77.517914
0.554990 0.615471 81.772499 80.035828 0.050000 0.600760 79.926353
0.500251 0.574270 83.970001 81.558517 0.050000 0.568976 81.429138
0.334290 0.438659 88.967499 85.837982 0.025000 0.422591 85.927551
0.372658 0.494625 87.294998 83.937103 0.025000 0.476094 84.066483
0.341676 0.449701 88.437500 85.131371 0.025000 0.433492 85.439888
0.324200 0.434257 88.959999 85.320465 0.025000 0.411220 86.285828
0.357311 0.491119 88.037498 84.335190 0.025000 0.480533 84.842758
0.322487 0.436564 89.144997 85.748405 0.025000 0.415863 86.494827
0.317988 0.452014 89.127495 85.310509 0.025000 0.433297 86.076836
0.362082 0.490361 88.199997 84.564095 0.025000 0.477749 84.792992
0.314085 0.439044 89.472496 85.798172 0.025000 0.418524 85.997215
0.350406 0.487400 88.174995 84.086388 0.025000 0.471247 84.444664
0.318991 0.451336 89.117500 85.380173 0.025000 0.434288 85.867836
0.222900 0.397449 92.522499 87.251198 0.012500 0.381947 87.878189
0.195257 0.393303 93.287498 87.470146 0.012500 0.365881 87.868233
0.202408 0.401555 93.217499 87.370621 0.012500 0.379520 88.087181
0.189605 0.395057 93.544998 87.589569 0.012500 0.384529 87.758759
0.189492 0.404247 93.452499 87.151672 0.012500 0.389975 87.490051
0.201091 0.398443 93.057495 87.689095 0.012500 0.385432 87.778664
0.183094 0.381195 93.784996 87.888138 0.012500 0.363334 88.544983
0.175099 0.392798 94.189995 87.649284 0.012500 0.379716 88.246422
0.225367 0.448984 92.264999 85.798172 0.012500 0.428153 86.285828
0.205998 0.441270 92.899994 86.534637 0.012500 0.402586 87.171577
0.198814 0.415306 93.257500 87.121819 0.012500 0.404703 87.241241
0.088724 0.343085 97.042496 89.789017 0.006250 0.319309 90.485672
0.095766 0.357055 96.695000 89.789017 0.006250 0.340230 89.918396
0.104762 0.405470 96.352501 88.783836 0.006250 0.369581 89.510353
0.080869 0.373879 97.307495 89.450638 0.006250 0.333426 90.246819
0.087003 0.387655 97.049995 89.500397 0.006250 0.354136 90.226913
0.066825 0.373511 97.704994 89.291405 0.006250 0.334938 90.037819
0.089063 0.404049 96.932495 88.893311 0.006250 0.377538 89.510353
0.069054 0.382548 97.669998 89.430733 0.006250 0.354065 89.888535
0.149558 0.500671 95.082497 86.992439 0.006250 0.470570 87.629379
0.070233 0.366437 97.674995 89.430733 0.006250 0.342117 89.848724
0.086157 0.403073 97.072495 88.962982 0.006250 0.374534 89.490448
0.030110 0.346447 99.082497 90.654861 0.003125 0.311025 91.470940
0.025920 0.358526 99.182495 90.475716 0.003125 0.319400 91.510750
0.026348 0.360988 99.142494 90.634956 0.003125 0.331043 91.510750
0.024252 0.368296 99.232498 90.674759 0.003125 0.342470 91.202232
0.026692 0.355637 99.132500 90.993233 0.003125 0.341083 91.301750
0.025269 0.379310 99.162498 90.605095 0.003125 0.356915 91.361465
0.028163 0.410338 99.024994 89.928345 0.003125 0.369134 90.714569
0.026280 0.382874 99.125000 90.595146 0.003125 0.358054 90.963379
0.031098 0.414274 98.992500 90.097534 0.003125 0.373364 90.754379
0.024032 0.393327 99.207497 90.565285 0.003125 0.362682 91.082802
0.027891 0.389393 99.079994 90.425957 0.003125 0.349534 91.082802
0.009347 0.368514 99.757500 91.381371 0.001563 0.332509 91.849129
0.008496 0.367298 99.812500 91.441086 0.001563 0.336418 91.729698
0.009527 0.378009 99.727501 91.072853 0.001563 0.336627 91.729698
0.007541 0.385944 99.797501 91.212181 0.001563 0.341677 91.869034
0.006997 0.386209 99.802498 91.132568 0.001563 0.347717 91.898888
0.007289 0.382588 99.805000 91.351517 0.001563 0.349697 91.709793
0.006845 0.394167 99.824997 91.222137 0.001563 0.358341 91.918793
0.006769 0.386400 99.797501 91.182327 0.001563 0.346435 91.898888
0.005402 0.390243 99.852501 91.202232 0.001563 0.352649 91.958603
0.005946 0.400057 99.854996 91.013138 0.001563 0.359414 91.819267
0.005594 0.400178 99.839996 91.421181 0.001563 0.364977 92.008362
0.003557 0.391287 99.927498 91.411224 0.000781 0.351911 92.048172
0.004151 0.389173 99.887497 91.510750 0.000781 0.356147 91.988457
0.002706 0.403712 99.954994 91.351517 0.000781 0.362755 92.008362
0.003360 0.394468 99.927498 91.510750 0.000781 0.353329 91.978508
0.002572 0.398943 99.954994 91.470940 0.000781 0.359654 92.068077
0.002909 0.396028 99.932495 91.540604 0.000781 0.361867 92.048172
0.002546 0.398119 99.939995 91.590370 0.000781 0.357617 92.147690
0.002692 0.395721 99.954994 91.600319 0.000781 0.360641 91.988457
0.003050 0.406148 99.924995 91.739655 0.000781 0.367709 91.779457
0.002304 0.402143 99.959999 91.610275 0.000781 0.366737 91.859077
0.002501 0.408772 99.947495 91.371422 0.000781 0.368664 91.948647
0.001953 0.403948 99.964996 91.630173 0.000391 0.367709 92.058121
0.002167 0.399896 99.962494 91.610275 0.000391 0.362729 92.207405
0.001826 0.401766 99.972496 91.769508 0.000391 0.367905 92.078026
0.001744 0.400917 99.977501 91.650078 0.000391 0.365623 92.008362
0.001792 0.399232 99.977501 91.540604 0.000391 0.363691 92.058121
0.001827 0.395176 99.962494 91.630173 0.000391 0.361074 92.147690
0.001550 0.397114 99.974998 91.729698 0.000391 0.366025 92.177551
0.001505 0.398043 99.967499 91.749603 0.000391 0.366135 92.048172
0.001660 0.399132 99.977501 91.689888 0.000391 0.364997 92.028267
0.001534 0.398410 99.979996 91.839172 0.000391 0.363763 92.157646
0.001630 0.398420 99.972496 91.908836 0.000391 0.366711 92.058121
0.001426 0.398577 99.974998 91.869034 0.000195 0.365788 92.217361
0.001288 0.397750 99.985001 91.809319 0.000195 0.367072 92.167595
0.001473 0.398543 99.977501 91.878983 0.000195 0.365734 92.217361
0.001471 0.400195 99.974998 91.859077 0.000195 0.364092 92.207405
0.001503 0.396496 99.979996 91.799362 0.000195 0.364627 92.167595
0.001137 0.403760 99.985001 91.869034 0.000195 0.369510 92.068077
0.001253 0.397974 99.992500 91.908836 0.000195 0.364855 92.177551
0.001262 0.397820 99.985001 91.819267 0.000195 0.365870 92.167595
0.001336 0.400256 99.982498 91.769508 0.000195 0.367478 92.177551
0.001211 0.397981 99.989998 91.779457 0.000195 0.364256 92.087982
0.001193 0.402217 99.987495 91.729698 0.000195 0.368284 92.058121
0.001125 0.397729 99.985001 91.908836 0.000098 0.365980 92.117836
0.001302 0.397223 99.985001 91.789413 0.000098 0.367155 92.107887
0.001099 0.398419 99.989998 91.958603 0.000098 0.368813 92.177551
0.001046 0.397799 99.992500 91.898888 0.000098 0.366825 92.117836
0.001029 0.396246 99.994995 91.918793 0.000098 0.368058 92.137741
0.001180 0.400752 99.992500 91.859077 0.000098 0.367422 92.207405
0.001121 0.398381 99.987495 91.869034 0.000098 0.365241 92.137741
0.001127 0.398152 99.994995 91.928741 0.000098 0.366989 92.217361
0.001018 0.399244 99.994995 91.928741 0.000098 0.369385 92.117836
0.001216 0.400056 99.985001 91.869034 0.000098 0.369671 92.167595
0.001052 0.398860 99.989998 91.918793 0.000098 0.366710 92.117836
0.001114 0.399869 99.992500 91.789413 0.000049 0.369630 92.097931
0.001173 0.399970 99.989998 91.779457 0.000049 0.368348 92.038216
0.001207 0.399296 99.989998 91.878983 0.000049 0.366228 92.117836
0.001168 0.397695 99.987495 91.869034 0.000049 0.368183 92.147690
0.001025 0.398161 99.992500 91.839172 0.000049 0.367024 92.207405
0.001146 0.397114 99.985001 91.849129 0.000049 0.367347 92.177551
0.001267 0.400158 99.985001 91.799362 0.000049 0.365666 92.147690
0.001110 0.396514 99.985001 92.018311 0.000049 0.363980 92.267120
0.000929 0.400983 99.997498 91.859077 0.000049 0.369320 92.097931
0.000928 0.399539 99.994995 91.958603 0.000049 0.366077 92.296974
0.001068 0.400953 99.985001 91.859077 0.000049 0.368116 92.097931
0.000947 0.398074 99.997498 91.859077 0.000024 0.365080 92.137741
0.001004 0.400736 99.987495 91.859077 0.000024 0.367376 92.117836
0.001209 0.402081 99.989998 91.809319 0.000024 0.367878 92.157646
0.001068 0.398870 99.987495 91.819267 0.000024 0.365930 92.177551
0.001024 0.398095 99.989998 91.859077 0.000024 0.364921 92.197456
0.001032 0.401501 99.987495 91.878983 0.000024 0.367643 92.197456
0.001086 0.396976 99.989998 91.888931 0.000024 0.365054 92.187500
0.001098 0.396835 99.985001 91.869034 0.000024 0.365485 92.157646
0.000963 0.398226 99.994995 91.958603 0.000024 0.365396 92.107887
0.000980 0.398892 99.992500 91.809319 0.000024 0.365725 92.157646
0.000946 0.400180 99.994995 91.849129 0.000024 0.364979 92.197456
0.000977 0.400259 99.997498 91.869034 0.000012 0.367634 92.157646
0.000948 0.397472 99.992500 91.859077 0.000012 0.364976 92.147690
0.000884 0.401779 99.997498 91.839172 0.000012 0.368998 92.157646
0.000979 0.399391 99.992500 91.978508 0.000012 0.366371 92.048172
0.001136 0.401024 99.994995 91.849129 0.000012 0.364659 92.227310
0.001170 0.401097 99.989998 91.769508 0.000012 0.366095 92.147690
0.000884 0.401611 99.994995 91.829224 0.000012 0.368200 92.227310
0.000914 0.398796 99.994995 91.878983 0.000012 0.365667 92.187500
0.000994 0.401913 99.987495 91.769508 0.000012 0.367893 92.197456
0.001047 0.399668 99.987495 91.819267 0.000012 0.365360 92.197456
0.000949 0.399127 99.989998 91.898888 0.000012 0.365999 92.237259
0.001343 0.402011 99.977501 91.859077 0.000006 0.366403 92.127785
0.001051 0.398301 99.992500 91.829224 0.000006 0.365308 92.277069
0.001012 0.402737 99.989998 91.908836 0.000006 0.369348 92.137741
0.001072 0.400465 99.987495 91.819267 0.000006 0.365435 92.117836
0.001033 0.399527 99.994995 91.859077 0.000006 0.364900 92.237259
0.000966 0.401182 99.992500 91.819267 0.000006 0.367059 92.127785
0.001252 0.402242 99.979996 91.878983 0.000006 0.367402 92.147690
0.000895 0.400633 99.994995 91.759552 0.000006 0.367302 92.147690
0.000950 0.403806 99.997498 91.898888 0.000006 0.368962 92.187500
0.000844 0.400580 99.997498 91.789413 0.000006 0.366342 92.137741
0.000939 0.398344 99.994995 91.928741 0.000006 0.364401 92.167595
0.001136 0.399454 99.985001 91.769508 0.000003 0.364927 92.137741
0.001066 0.398930 99.992500 91.998405 0.000003 0.364858 92.147690
0.001032 0.401008 99.985001 91.938698 0.000003 0.365741 92.197456
0.001085 0.400737 99.992500 91.829224 0.000003 0.369257 92.197456
0.000905 0.401177 99.992500 91.819267 0.000003 0.366846 92.127785
0.001020 0.399311 99.989998 91.958603 0.000003 0.367049 92.207405
0.000973 0.401756 99.994995 91.888931 0.000003 0.368004 92.207405
0.000990 0.402393 99.989998 91.869034 0.000003 0.368045 92.137741
0.001061 0.399789 99.989998 91.878983 0.000003 0.364134 92.217361
0.001132 0.401690 99.979996 91.829224 0.000003 0.366404 92.187500
0.001075 0.399056 99.992500 91.988457 0.000003 0.365150 92.177551
0.000963 0.398627 99.992500 91.898888 0.000002 0.363462 92.167595
0.000894 0.402697 99.994995 91.759552 0.000002 0.370780 92.157646
0.001018 0.401446 99.992500 91.849129 0.000002 0.369648 92.187500
0.001021 0.399986 99.994995 91.859077 0.000002 0.365421 92.207405
0.001031 0.397843 99.989998 91.998405 0.000002 0.364386 92.187500
0.001021 0.400566 99.992500 91.908836 0.000002 0.363612 92.287025
0.000996 0.399288 99.992500 91.888931 0.000002 0.364901 92.277069
0.000951 0.396442 99.994995 91.988457 0.000002 0.361762 92.217361
0.001114 0.401623 99.987495 91.859077 0.000002 0.367264 92.117836
0.000978 0.399799 99.989998 91.829224 0.000002 0.366656 92.097931
0.001094 0.400012 99.987495 91.908836 0.000002 0.366988 92.237259
0.001022 0.402563 99.989998 91.908836 0.000001 0.367852 92.097931
0.000863 0.400838 99.997498 91.918793 0.000001 0.365331 92.257164
0.000996 0.403059 99.992500 91.869034 0.000001 0.368085 92.147690
0.000861 0.401957 99.997498 91.809319 0.000001 0.368023 92.207405
0.000914 0.401266 99.994995 91.749603 0.000001 0.367857 92.167595
0.000992 0.398706 99.992500 91.908836 0.000001 0.362813 92.147690
0.001156 0.401174 99.977501 91.888931 0.000001 0.366479 92.197456
0.000881 0.399186 100.000000 91.898888 0.000001 0.364178 92.227310
0.001178 0.401467 99.987495 91.829224 0.000001 0.365614 92.267120
0.000986 0.402246 99.992500 91.799362 0.000001 0.368990 92.187500
0.000935 0.400460 99.989998 91.888931 0.000001 0.367426 92.177551
0.001041 0.398679 99.989998 91.829224 0.000000 0.363860 92.127785
