1.608688 1.608737 38.283745 37.865902 0.010000
1.150577 1.173178 59.020565 58.860760 0.010000
1.321029 1.367288 58.064594 57.060921 0.010000
0.779220 0.842200 73.035645 71.479431 0.010000
0.683878 0.747409 76.624901 74.821999 0.010000
0.627588 0.707427 78.576775 76.157043 0.010000
0.582331 0.672156 80.523659 77.343750 0.010000
0.515878 0.624424 82.705170 79.104034 0.010000
0.519401 0.632999 82.141075 78.926033 0.010000
0.464815 0.580647 84.330070 80.725876 0.010000
0.492602 0.628044 82.697685 78.827141 0.010000
0.411831 0.551629 86.289436 82.130142 0.010000
0.355236 0.509831 87.821983 83.524529 0.010000
0.393277 0.544959 86.631386 82.308151 0.010000
0.322751 0.492658 88.842850 83.751984 0.010000
0.294703 0.481376 89.813797 84.592567 0.010000
0.323430 0.506246 89.069984 83.514641 0.010000
0.285975 0.467707 90.160744 84.859573 0.010000
0.242662 0.450390 91.536041 85.096916 0.010000
0.238240 0.442357 91.698280 85.591377 0.010000
0.211748 0.434054 92.639275 86.323181 0.010000
0.328404 0.589030 88.535843 82.001587 0.010000
0.216702 0.452122 92.609322 86.006729 0.010000
0.291198 0.550460 90.133286 82.782837 0.010000
0.225929 0.487440 92.165031 85.255142 0.010000
0.261901 0.523905 90.769768 83.791534 0.010000
0.179003 0.420934 93.924721 86.471519 0.010000
0.192695 0.464540 93.450478 86.283623 0.010000
0.181506 0.453298 93.867310 86.313293 0.010000
0.178452 0.438549 93.750000 86.135284 0.010000
0.217601 0.511931 92.689194 85.245255 0.010000
0.218217 0.560664 92.711662 84.315666 0.010000
0.216054 0.522462 92.749100 84.909019 0.010000
0.172671 0.478061 94.024559 86.402298 0.010000
0.160233 0.460953 94.331566 86.155067 0.010000
0.175093 0.489536 94.114418 85.957283 0.010000
0.176181 0.498608 94.037041 85.848495 0.010000
0.122862 0.444929 95.958961 87.331886 0.010000
0.133013 0.461365 95.479729 87.035210 0.010000
0.184083 0.526881 93.677612 85.729828 0.010000
0.107877 0.433292 96.385780 87.490112 0.010000
0.100058 0.403529 96.597939 87.767014 0.010000
0.128898 0.448966 95.814194 86.807755 0.010000
0.152270 0.503414 94.963058 86.600082 0.010000
0.145077 0.500526 94.948082 86.273735 0.010000
0.138833 0.492908 95.379890 86.313293 0.010000
0.149902 0.507370 94.928116 86.422073 0.010000
0.108530 0.445361 96.203575 86.956093 0.010000
0.026532 0.364855 99.133881 90.100876 0.002000
0.018335 0.386517 99.430908 90.239319 0.002000
0.017663 0.380281 99.423424 90.545891 0.002000
0.013103 0.383857 99.610619 90.714005 0.002000
0.011427 0.399799 99.623100 90.892014 0.002000
0.009962 0.401970 99.715454 90.783234 0.002000
0.011022 0.419706 99.628090 90.674446 0.002000
0.009696 0.413542 99.705467 90.674446 0.002000
0.008504 0.416096 99.737915 90.793121 0.002000
0.007892 0.418844 99.757889 90.773338 0.002000
0.008105 0.439845 99.760384 90.684341 0.002000
0.005838 0.421494 99.827774 90.892014 0.002000
0.007684 0.439660 99.780350 90.605225 0.002000
0.005579 0.436765 99.842751 90.704117 0.002000
0.005649 0.447027 99.815292 90.634895 0.002000
0.005144 0.443273 99.847740 90.743675 0.002000
0.006918 0.445277 99.802811 90.595337 0.002000
0.004429 0.439392 99.867706 91.010681 0.002000
0.004756 0.441389 99.840256 90.516220 0.002000
0.003902 0.444760 99.882683 90.862343 0.002000
0.005359 0.437071 99.852737 90.852455 0.002000
0.004037 0.446909 99.897659 90.822784 0.002000
0.004635 0.455355 99.855232 90.516220 0.002000
0.004647 0.453561 99.852737 90.427216 0.002000
0.004213 0.458229 99.872704 90.664558 0.002000
0.003950 0.450034 99.880188 90.783234 0.002000
0.002675 0.452183 99.925117 91.020569 0.000400
0.001974 0.440010 99.950081 91.079910 0.000400
0.002285 0.432735 99.945084 90.822784 0.000400
0.002162 0.437873 99.952576 91.149132 0.000400
0.001731 0.435428 99.955070 91.149132 0.000400
0.001464 0.426377 99.967552 91.356804 0.000400
0.001979 0.425563 99.935104 91.327141 0.000400
0.001302 0.431644 99.980034 91.099686 0.000400
0.001526 0.419404 99.962555 91.524925 0.000400
0.001490 0.418878 99.977531 91.505142 0.000400
0.001016 0.447017 99.985023 90.882126 0.000400
0.001463 0.434590 99.960060 91.218353 0.000400
0.001209 0.442380 99.970047 91.267799 0.000400
0.001139 0.438913 99.982529 91.248024 0.000400
0.000957 0.454320 99.992508 90.783234 0.000400
0.001332 0.441333 99.965057 91.198578 0.000400
0.001081 0.444074 99.985023 91.307358 0.000400
0.001027 0.430526 99.985023 91.337029 0.000400
0.000978 0.444313 99.985023 91.020569 0.000400
0.000973 0.443206 99.987518 91.218353 0.000400
0.001103 0.435002 99.977531 91.584259 0.000400
0.001035 0.451679 99.980034 91.168907 0.000080
0.000919 0.425313 99.987518 91.119461 0.000080
0.000825 0.448130 99.992508 91.178802 0.000080
0.001017 0.440074 99.977531 91.406250 0.000080
0.001057 0.431962 99.975037 91.277695 0.000080
0.000961 0.430887 99.980034 91.376587 0.000080
0.001009 0.442063 99.985023 91.337029 0.000080
0.001100 0.435708 99.972542 91.396362 0.000080
0.000918 0.437674 99.985023 91.277695 0.000080
0.001016 0.446191 99.977531 91.228249 0.000016
0.000837 0.440362 99.990013 91.218353 0.000016
0.000755 0.432555 99.995003 91.060127 0.000016
0.001025 0.446808 99.982529 91.218353 0.000016
0.001243 0.433793 99.970047 91.228249 0.000016
0.001030 0.424657 99.985023 91.435921 0.000016
0.000997 0.418658 99.990013 91.455696 0.000016
0.000958 0.446662 99.980034 91.238136 0.000016
0.001112 0.438060 99.975037 90.971123 0.000016
0.000779 0.433694 99.995003 91.178802 0.000003
0.000834 0.437804 99.992508 91.297470 0.000003
0.000858 0.442882 99.985023 91.178802 0.000003
0.000969 0.430126 99.980034 91.445808 0.000003
0.000896 0.444677 99.985023 91.208466 0.000003
0.000946 0.435383 99.987518 91.386475 0.000003
0.000931 0.429784 99.982529 91.317245 0.000001
0.001264 0.437333 99.977531 91.267799 0.000001
0.001072 0.442590 99.977531 91.337029 0.000001
0.000867 0.428169 99.987518 91.406250 0.000001
0.001092 0.441844 99.980034 91.020569 0.000001
0.000918 0.448847 99.982529 91.178802 0.000001
0.000860 0.447515 99.990013 91.070015 0.000001
0.000995 0.445288 99.990013 91.297470 0.000001
0.000945 0.434621 99.982529 91.485367 0.000001
0.000861 0.430800 99.987518 91.099686 0.000001
0.000978 0.422520 99.987518 91.465591 0.000001
0.001157 0.422727 99.987518 91.445808 0.000001
0.001058 0.439512 99.980034 91.168907 0.000001
0.000814 0.443581 99.990013 91.129356 0.000001
0.000839 0.454966 99.990013 91.168907 0.000001
0.001196 0.430481 99.962555 91.327141 0.000001
0.000899 0.438708 99.990013 91.257912 0.000001
0.001059 0.422150 99.980034 91.406250 0.000001
0.001036 0.425706 99.982529 91.643593 0.000001
0.000940 0.439793 99.987518 91.218353 0.000001
0.001004 0.439308 99.980034 91.287582 0.000001
0.000864 0.452998 99.987518 91.178802 0.000001
0.000965 0.432739 99.990013 91.307358 0.000001
0.000894 0.437734 99.980034 91.376587 0.000001
0.000829 0.448337 99.992508 91.129356 0.000001
0.000982 0.441548 99.982529 91.119461 0.000001
0.000897 0.445600 99.995003 91.159019 0.000001
0.000790 0.425844 99.987518 91.653481 0.000001
0.000787 0.467134 99.992508 90.654671 0.000001
0.001022 0.422645 99.980034 91.445808 0.000001
0.000894 0.441948 99.990013 90.931572 0.000001
0.001118 0.453049 99.965057 91.159019 0.000001
0.000911 0.443610 99.985023 91.139244 0.000001
0.000936 0.439758 99.987518 91.317245 0.000001
0.001049 0.445709 99.980034 91.099686 0.000001
0.000981 0.455088 99.990013 91.109573 0.000001
0.001005 0.439121 99.982529 91.376587 0.000001
0.000921 0.417289 99.990013 91.693039 0.000001
0.000887 0.439788 99.985023 91.119461 0.000001
0.000860 0.432382 99.990013 91.505142 0.000001
0.000936 0.451606 99.980034 91.228249 0.000001
0.000936 0.441295 99.985023 91.386475 0.000001
0.000937 0.435260 99.987518 91.109573 0.000001
0.000963 0.448617 99.990013 91.317245 0.000001
0.000947 0.439861 99.982529 91.376587 0.000001
0.001046 0.442124 99.980034 91.089798 0.000001
0.001032 0.446822 99.977531 91.228249 0.000001
0.000822 0.422553 99.990013 91.455696 0.000001
0.000846 0.432950 99.990013 91.426033 0.000001
0.000846 0.429503 99.990013 91.228249 0.000001
0.000645 0.433626 99.997505 91.317245 0.000001
0.000852 0.426427 99.987518 91.356804 0.000001
0.000901 0.433783 99.985023 91.406250 0.000001
0.000832 0.426146 99.990013 91.534813 0.000001
0.000789 0.443581 99.987518 91.327141 0.000001
0.000919 0.436756 99.987518 91.050240 0.000001
0.000937 0.411181 99.987518 91.307358 0.000001
0.000825 0.443743 99.987518 91.287582 0.000001
0.001153 0.451687 99.972542 91.139244 0.000001
0.000973 0.432721 99.982529 91.366692 0.000001
0.001177 0.440689 99.977531 91.109573 0.000001
0.001077 0.443424 99.975037 91.297470 0.000001
0.000871 0.430166 99.982529 91.070015 0.000001
0.000745 0.438005 99.997505 90.941460 0.000001
0.001145 0.433614 99.970047 91.208466 0.000001
0.001204 0.456225 99.982529 91.139244 0.000001
0.000852 0.428062 99.987518 91.544701 0.000001
0.001061 0.435225 99.980034 91.030464 0.000001
0.000783 0.445441 99.992508 91.010681 0.000001
0.000992 0.453981 99.990013 91.188690 0.000001
0.000962 0.435945 99.975037 91.079910 0.000001
0.000925 0.442783 99.982529 91.208466 0.000001
0.000897 0.446950 99.985023 91.228249 0.000001
0.001309 0.438890 99.977531 91.119461 0.000001
0.001095 0.435476 99.980034 91.248024 0.000001
0.001078 0.428113 99.987518 91.297470 0.000001
0.000898 0.422728 99.987518 91.445808 0.000001
0.000856 0.427243 99.990013 91.426033 0.000001
0.000962 0.430326 99.987518 91.406250 0.000001
0.001087 0.433301 99.967552 91.198578 0.000001
0.000988 0.454482 99.972542 91.228249 0.000001
