2.302397 2.302596 12.937769 9.958466 0.010000
2.301950 2.302623 12.937769 9.958466 0.010000
2.301305 2.302686 13.099408 9.958466 0.010000
2.300624 2.302799 12.937769 9.958466 0.010000
2.299790 2.302973 12.957973 9.958466 0.010000
2.298814 2.303221 13.079203 9.958466 0.010000
2.297618 2.303537 13.018589 9.958466 0.010000
2.296319 2.303971 13.119611 9.958466 0.010000
2.294614 2.304219 12.998384 9.958466 0.010000
2.291561 2.303923 13.119611 9.958466 0.010000
2.286618 2.302446 12.998384 9.958466 0.010000
2.272959 2.298000 12.917564 9.958466 0.010000
2.251709 2.290336 13.099408 9.958466 0.010000
2.230096 2.282007 12.897360 9.958466 0.010000
2.199050 2.274016 13.018589 9.958466 0.010000
2.172540 2.245586 13.099408 9.958466 0.010000
2.134061 2.216637 13.099408 9.958466 0.010000
2.092692 2.179412 16.945044 14.309731 0.010000
2.070420 2.157868 19.443697 15.892010 0.010000
2.047529 2.142032 19.820850 16.495255 0.010000
2.018798 2.120559 20.952316 17.563292 0.010000
1.990868 2.130203 20.723330 16.999605 0.010000
2.006644 2.205974 21.679688 16.861155 0.010000
2.062624 2.267130 20.541487 16.782042 0.010000
1.968044 2.161971 22.184805 18.453323 0.010000
2.062048 2.134338 23.161367 18.621441 0.010000
2.039259 2.268469 23.221983 18.196203 0.010000
1.942253 2.081443 26.582706 19.956488 0.010000
1.830793 2.018124 27.794991 22.488134 0.010000
1.809073 2.094508 29.337284 21.865110 0.010000
1.735257 1.935837 30.024246 23.546282 0.010000
1.772920 2.065337 28.926456 23.081488 0.010000
1.730084 1.936751 30.414871 22.844147 0.010000
1.814716 2.050429 29.903019 20.589399 0.010000
1.640930 1.939191 33.364765 24.495649 0.010000
1.582386 1.938719 34.597252 26.236156 0.010000
1.649016 1.994678 34.496231 22.992485 0.010000
1.529671 2.014129 38.018589 27.848103 0.010000
1.465638 1.908219 41.689117 28.263451 0.010000
1.598259 2.007321 36.119343 26.038370 0.010000
2.750075 3.606307 28.286638 21.558544 0.010000
1.593909 2.232064 35.479527 27.472311 0.010000
1.652320 2.350489 32.718212 26.582279 0.010000
1.661158 2.289053 40.301723 27.017406 0.010000
2.230073 3.102055 28.616650 23.655064 0.010000
1.256428 1.899031 51.602913 30.933544 0.005000
1.224392 1.958506 53.145206 31.774130 0.005000
1.144264 1.994447 53.205818 32.604828 0.005000
1.055938 1.944331 62.291218 32.555382 0.005000
1.055699 1.990008 60.870152 33.119068 0.005000
1.068255 2.045218 61.408943 31.388451 0.005000
1.079255 2.259974 59.011314 31.952137 0.005000
1.235298 2.477527 55.630386 30.409416 0.005000
0.952843 2.177127 62.668373 33.405857 0.005000
0.950026 2.210053 63.934536 31.764242 0.005000
0.859224 2.260039 67.126884 33.198181 0.005000
0.798010 2.246368 70.837822 32.743275 0.005000
0.892314 2.483113 64.096176 32.624607 0.005000
0.864452 2.567965 69.975754 32.980618 0.005000
0.782926 2.473376 70.716599 33.791534 0.005000
0.844200 2.647047 67.389549 33.287186 0.005000
0.837730 2.872183 66.689117 33.138847 0.005000
0.740123 2.774941 73.376884 33.929985 0.005000
0.680682 2.712724 73.848328 34.256329 0.005000
0.784509 2.960478 69.531250 33.178402 0.005000
0.618334 2.779751 77.754578 33.099289 0.005000
1.461440 3.791663 55.886314 26.018593 0.005000
0.833359 2.937985 65.463364 30.814875 0.005000
0.692689 2.930778 74.137932 33.524525 0.005000
0.575478 2.810724 79.276672 34.404667 0.005000
0.482872 2.851823 85.028282 34.503559 0.005000
0.595350 3.092451 78.091324 33.148735 0.005000
0.536487 2.969601 81.310616 33.128956 0.005000
0.498870 2.952476 81.472252 34.127769 0.005000
0.601911 3.493179 76.852104 33.435524 0.005000
0.594199 3.584205 78.542564 33.494858 0.005000
0.496728 3.345846 81.155708 34.157436 0.005000
0.306604 3.061790 90.092941 35.403481 0.002500
0.286266 3.076832 92.241379 34.790348 0.002500
0.230740 3.099220 93.197739 36.382515 0.002500
0.203177 3.100128 95.191269 36.075951 0.002500
0.229854 3.290884 94.800644 34.642010 0.002500
0.180940 3.329607 96.794182 36.105618 0.002500
0.143438 3.382841 97.595634 35.967167 0.002500
0.149054 3.429596 96.639275 36.244068 0.002500
0.143273 3.492219 96.363144 37.500000 0.002500
0.115486 3.422160 97.555229 36.758308 0.002500
0.136913 3.607429 97.575432 36.283623 0.002500
0.117006 3.617144 97.225212 36.501186 0.002500
0.116399 3.755879 96.969292 36.333069 0.002500
0.127652 3.631988 96.208244 36.570412 0.002500
0.115243 3.849538 96.363144 36.738529 0.002500
0.084229 3.805885 97.615837 36.797863 0.002500
0.086864 3.800755 98.592400 36.965981 0.002500
0.081516 3.805813 98.242188 36.639637 0.002500
0.088682 3.920723 98.417297 36.718750 0.002500
0.076525 3.940851 98.376884 36.263847 0.002500
0.077730 4.205306 98.592400 36.125397 0.002500
0.069708 4.042285 98.437500 36.965981 0.002500
0.091174 4.165237 97.440735 35.710049 0.002500
0.072155 4.154849 98.572197 36.105618 0.002500
0.070126 4.215648 99.003235 35.888054 0.002500
0.058294 4.117989 98.787712 36.501186 0.002500
0.058697 4.271501 98.807922 37.341774 0.002500
0.048093 4.274388 99.198547 36.333069 0.002500
0.081951 4.300190 98.221985 35.680382 0.002500
0.055659 4.337205 99.198547 36.105618 0.002500
0.079685 4.465935 97.555229 36.876980 0.002500
0.050168 4.298840 98.828125 36.441853 0.002500
0.056733 4.431965 98.376884 35.739716 0.002500
0.089685 4.672934 97.555229 35.215588 0.002500
0.044306 4.444144 99.609375 37.094543 0.001250
0.038398 4.275951 99.609375 37.381329 0.001250
0.031337 4.297741 99.804688 36.689083 0.001250
0.033584 4.360836 99.784485 36.550632 0.001250
0.031440 4.352419 99.609375 37.549446 0.001250
0.026369 4.398873 100.000000 36.629749 0.001250
0.023905 4.387635 100.000000 36.520966 0.001250
0.033445 4.343658 99.804688 36.560524 0.001250
0.030150 4.476870 99.414062 36.046284 0.001250
0.024092 4.415428 99.804688 36.867088 0.001250
0.034565 4.404937 99.414062 37.074764 0.001250
0.020595 4.401410 100.000000 36.857201 0.001250
0.017552 4.486832 100.000000 36.738529 0.001250
0.017882 4.492653 100.000000 36.857201 0.001250
0.023053 4.548061 99.609375 36.283623 0.001250
0.018297 4.547398 100.000000 36.758308 0.001250
0.021939 4.533595 100.000000 36.689083 0.001250
0.017862 4.530448 99.609375 36.886868 0.001250
0.015016 4.575090 99.804688 37.045097 0.001250
