2.302325 2.302594 12.897360 9.958466 0.010000
2.301883 2.302622 12.957973 9.958466 0.010000
2.301255 2.302681 12.998384 9.958466 0.010000
2.300531 2.302804 12.937769 9.958466 0.010000
2.299764 2.302982 12.998384 9.958466 0.010000
2.298731 2.303215 12.998384 9.958466 0.010000
2.297634 2.303569 13.079203 9.958466 0.010000
2.296629 2.304019 12.917564 9.958466 0.010000
2.294764 2.304295 13.139817 9.958466 0.010000
2.291828 2.303889 12.937769 9.958466 0.010000
2.283828 2.300860 12.937769 9.958466 0.010000
2.264476 2.292861 12.998384 9.958466 0.010000
2.240692 2.277565 12.937769 9.958466 0.010000
2.209290 2.259166 12.957973 9.958466 0.010000
2.166503 2.236813 12.998384 9.958466 0.010000
2.130353 2.209256 12.978178 9.958466 0.010000
2.086537 2.170263 17.362608 14.359178 0.010000
2.044422 2.134326 19.962284 16.999605 0.010000
2.047845 2.157041 20.036367 16.851267 0.010000
2.054531 2.188582 20.386583 16.623814 0.010000
1.988721 2.105781 22.440733 17.741299 0.010000
1.989164 2.091254 22.790947 18.047865 0.010000
1.971146 2.092195 22.535021 18.423656 0.010000
2.031825 2.119129 25.525322 19.007120 0.010000
1.934154 2.107762 22.831358 18.611551 0.010000
1.943126 2.067922 24.023438 19.630142 0.010000
1.893273 2.069406 24.339979 19.590586 0.010000
1.878128 2.042661 26.899246 20.797073 0.010000
1.824478 2.027469 23.141163 20.589399 0.010000
1.827560 1.996069 29.027479 22.092564 0.010000
1.857593 2.195125 24.474678 21.687105 0.010000
1.732020 1.949435 31.687769 23.595728 0.010000
1.763284 1.979480 29.552803 23.328718 0.010000
1.674387 1.942570 32.644127 23.437500 0.010000
1.738572 2.007145 32.590248 22.992485 0.010000
1.833887 2.136108 25.761044 19.560919 0.010000
1.714447 2.020517 28.731144 21.667326 0.010000
1.555950 2.023543 37.432652 27.818434 0.010000
1.560925 2.092286 36.018318 26.513054 0.010000
1.578564 2.203616 32.213093 25.801029 0.010000
1.580534 2.163438 36.745689 27.986551 0.010000
1.625112 2.234651 35.499729 24.792326 0.010000
1.526961 2.153081 40.517242 27.314083 0.010000
1.798774 2.658947 34.698277 25.425238 0.010000
1.756744 2.342099 36.099140 23.813292 0.010000
1.401305 2.213161 41.581356 27.986551 0.010000
1.743755 2.704094 41.850754 26.325159 0.010000
1.389810 2.240785 46.753769 29.727058 0.010000
1.549696 2.531181 44.450432 29.024921 0.010000
1.141592 2.023862 54.869343 33.326740 0.010000
1.119089 2.139480 56.687771 31.388451 0.010000
1.404752 2.712253 44.571659 28.866693 0.010000
1.175179 2.461458 53.933189 31.991693 0.010000
1.167501 2.496396 57.758617 29.628166 0.010000
0.958762 2.350203 65.146820 33.119068 0.010000
0.997033 2.570302 57.832706 30.181963 0.010000
1.105339 2.595037 58.445583 30.429193 0.010000
1.928229 3.719697 39.641701 26.166931 0.010000
2.190383 3.946517 41.635235 25.909811 0.010000
1.046979 2.480111 60.492992 32.140034 0.010000
1.278617 2.939584 47.952587 28.500792 0.010000
0.821090 2.301082 71.969292 32.357597 0.003000
0.683882 2.190158 79.222794 34.820015 0.003000
0.615217 2.230802 82.778824 35.106804 0.003000
0.597986 2.301856 82.644127 34.562897 0.003000
0.571363 2.334848 83.640900 34.355221 0.003000
0.501943 2.363097 87.338364 34.098103 0.003000
0.478554 2.398484 87.627968 35.611156 0.003000
0.462670 2.517580 85.553612 35.106804 0.003000
0.450821 2.614301 86.004845 34.493671 0.003000
0.387492 2.674647 90.207436 35.126583 0.003000
0.364855 2.757113 89.621498 35.245255 0.003000
0.335539 2.890922 90.402748 34.958466 0.003000
0.309102 2.950336 92.766701 34.375000 0.003000
0.318041 3.009447 88.604530 34.206882 0.003000
0.258878 3.022047 93.042831 34.988132 0.003000
0.241155 3.121106 93.547951 34.661789 0.003000
0.237647 3.097816 92.847519 34.424446 0.003000
0.220301 3.284713 94.133888 34.266220 0.003000
0.230277 3.405259 92.847519 34.345333 0.003000
0.200597 3.536929 95.602104 32.298260 0.003000
0.173856 3.563819 95.777206 33.910206 0.003000
0.144859 3.512279 97.225212 34.266220 0.003000
0.162583 3.582481 95.561691 34.968357 0.003000
0.160299 3.611986 95.581894 35.848499 0.003000
0.162034 3.753408 95.642509 34.424446 0.003000
0.200140 3.942189 93.433456 34.414558 0.003000
0.157049 3.881562 96.363144 34.018990 0.003000
0.118915 3.848992 97.400322 35.027691 0.003000
0.142975 4.000287 95.305763 34.820015 0.003000
0.138404 4.083781 96.834587 33.949764 0.003000
0.115710 3.989988 97.225212 34.632122 0.003000
0.131720 4.156170 96.423759 34.859573 0.003000
0.122372 4.257496 97.811150 33.554195 0.003000
0.151624 4.379829 95.076775 34.592564 0.003000
0.144983 4.243295 95.837822 35.621044 0.003000
0.123896 4.174740 95.952316 34.394779 0.003000
0.105705 4.251246 96.949081 35.433151 0.003000
0.107854 4.276672 97.029900 35.789162 0.003000
0.106268 4.477446 96.814384 34.968357 0.003000
0.114910 4.603034 96.228447 35.265034 0.003000
0.116211 4.761438 96.773979 35.096916 0.003000
0.123826 4.608942 96.403557 34.582676 0.003000
0.177667 4.656093 94.389816 34.642010 0.003000
0.105171 4.450865 97.420525 35.324368 0.000900
0.068109 4.449632 99.003235 35.324368 0.000900
0.059305 4.463336 98.807922 34.651901 0.000900
0.042720 4.429978 99.568962 35.087025 0.000900
0.044501 4.481935 99.393860 35.818829 0.000900
0.043030 4.422883 99.589172 35.690269 0.000900
0.044650 4.360134 99.414062 36.253956 0.000900
0.046269 4.401106 98.592400 35.561710 0.000900
0.032253 4.402449 100.000000 35.581490 0.000900
0.033692 4.456348 99.589172 35.660603 0.000900
0.031890 4.471511 100.000000 35.858387 0.000900
0.031735 4.560216 99.804688 35.710049 0.000900
0.026532 4.498571 100.000000 35.265034 0.000900
0.025790 4.470007 100.000000 35.363926 0.000900
0.026296 4.508961 99.804688 35.977058 0.000900
0.029854 4.542139 99.804688 36.056171 0.000900
0.021588 4.520402 100.000000 35.532043 0.000900
0.024693 4.563888 100.000000 36.016613 0.000900
0.027769 4.605667 99.393860 35.888054 0.000900
0.020629 4.627012 100.000000 35.314480 0.000900
0.022978 4.607988 99.804688 35.571598 0.000900
0.020981 4.621037 100.000000 35.838608 0.000900
0.020482 4.699409 100.000000 35.611156 0.000900
0.021317 4.631598 100.000000 36.511078 0.000900
0.020052 4.613418 99.784485 36.164955 0.000900
0.019492 4.649860 99.804688 35.838608 0.000900
0.019894 4.615929 99.804688 36.372627 0.000900
0.016048 4.657794 100.000000 36.313293 0.000900
0.021804 4.684363 99.784485 35.759495 0.000900
0.021010 4.620274 99.804688 36.520966 0.000900
0.017455 4.653231 100.000000 36.876980 0.000900
0.018867 4.665343 99.609375 36.075951 0.000900
0.015507 4.592730 100.000000 36.342960 0.000900
0.016311 4.688294 100.000000 35.878166 0.000900
0.015673 4.738397 99.804688 36.333069 0.000900
0.016589 4.737658 99.804688 36.085838 0.000900
0.014110 4.772289 100.000000 36.333069 0.000900
0.015597 4.731874 100.000000 35.710049 0.000900
0.015911 4.730524 100.000000 36.006725 0.000900
0.019301 4.794385 100.000000 35.571598 0.000900
0.017116 4.735668 100.000000 36.214401 0.000900
0.017309 4.774618 99.804688 36.204510 0.000900
0.015920 4.804111 99.784485 35.611156 0.000900
0.014360 4.812763 99.804688 36.550632 0.000270
0.012238 4.791227 100.000000 36.115509 0.000270
0.012840 4.810379 100.000000 35.640823 0.000270
0.011950 4.785299 100.000000 35.739716 0.000270
0.013024 4.772595 100.000000 36.194622 0.000270
0.015369 4.783701 99.784485 35.996838 0.000270
0.011255 4.794255 100.000000 36.303402 0.000270
0.013368 4.782157 100.000000 36.135284 0.000270
0.011983 4.756918 100.000000 35.443039 0.000270
0.011810 4.800139 100.000000 35.650711 0.000270
0.011566 4.797896 100.000000 36.115509 0.000270
0.011495 4.775852 100.000000 36.066063 0.000270
0.013035 4.802027 100.000000 35.897945 0.000270
0.012152 4.743396 99.784485 36.679195 0.000081
0.012203 4.782948 100.000000 36.095730 0.000081
0.011313 4.788976 100.000000 35.996838 0.000081
0.010552 4.749664 100.000000 36.520966 0.000081
0.012251 4.799818 100.000000 35.986946 0.000081
0.011495 4.828156 100.000000 35.927612 0.000081
0.011634 4.785566 100.000000 36.095730 0.000081
0.011671 4.814147 100.000000 35.947392 0.000081
0.009635 4.816999 100.000000 35.986946 0.000081
0.010890 4.822970 100.000000 36.234177 0.000081
0.010558 4.802697 100.000000 36.046284 0.000081
0.010481 4.808332 100.000000 36.333069 0.000081
0.010797 4.821884 100.000000 36.431961 0.000081
0.009944 4.840950 100.000000 36.155064 0.000081
0.011429 4.824307 100.000000 35.917721 0.000081
0.011696 4.802849 100.000000 35.522152 0.000024
0.010735 4.811613 100.000000 36.095730 0.000024
0.011481 4.802578 100.000000 36.234177 0.000024
0.010738 4.781461 100.000000 35.808941 0.000024
0.011246 4.826907 100.000000 36.214401 0.000024
0.010901 4.808518 100.000000 35.779274 0.000024
0.011124 4.793790 100.000000 36.075951 0.000007
0.011001 4.824394 100.000000 36.075951 0.000007
0.010783 4.843285 100.000000 36.303402 0.000007
0.010359 4.825145 100.000000 35.868275 0.000007
0.010430 4.841172 100.000000 35.818829 0.000007
0.009810 4.815333 100.000000 36.441853 0.000007
0.011093 4.829150 99.804688 35.986946 0.000002
0.011597 4.799301 100.000000 35.888054 0.000002
0.010860 4.815911 100.000000 36.115509 0.000002
0.011867 4.801054 100.000000 35.719936 0.000002
0.010569 4.833258 100.000000 35.294701 0.000002
0.010812 4.819359 100.000000 36.105618 0.000002
0.010573 4.833511 100.000000 35.650711 0.000001
0.010282 4.788193 100.000000 35.986946 0.000001
0.009815 4.803483 100.000000 35.640823 0.000001
0.011595 4.826055 100.000000 35.710049 0.000001
0.010821 4.829529 100.000000 36.085838 0.000001
0.010432 4.833612 100.000000 36.075951 0.000001
0.012105 4.815996 100.000000 35.818829 0.000001
