2.300889 2.301631 15.683594 15.476662 0.010000
2.158772 2.163963 18.085938 18.176424 0.010000
2.003335 2.003510 21.035156 21.845333 0.010000
2.003708 2.030930 22.519531 22.043118 0.010000
1.968308 1.959639 20.820312 23.101267 0.010000
2.072934 2.103115 23.515625 22.873814 0.010000
2.236938 2.321994 24.042969 23.407833 0.010000
1.742039 1.807310 31.660156 30.251188 0.010000
2.795986 2.808106 21.523438 21.251978 0.010000
1.640726 1.709075 35.957031 34.038765 0.010000
1.788217 1.842606 33.964844 32.337818 0.010000
1.915558 1.951731 38.164062 37.470333 0.010000
1.666422 1.768732 39.531250 36.797863 0.010000
1.381270 1.541907 48.417969 43.532436 0.010000
1.621380 1.816129 44.667969 39.942642 0.010000
1.626398 1.813155 44.609375 40.071205 0.010000
1.270735 1.460906 54.433594 49.584652 0.010000
1.279233 1.471357 53.300781 49.386868 0.010000
1.484797 1.691541 52.734375 47.151901 0.010000
1.193167 1.400790 57.167969 52.274529 0.010000
1.308455 1.567987 54.707031 49.268196 0.010000
1.860536 2.174764 46.816406 41.604034 0.010000
1.632919 1.883156 49.863281 45.075161 0.010000
1.020322 1.326535 62.558594 54.420490 0.010000
1.159408 1.474102 62.109375 53.214005 0.010000
2.287827 2.507280 43.984375 40.625000 0.010000
0.961646 1.299139 65.332031 57.149921 0.010000
0.879596 1.236561 68.828125 59.543118 0.010000
0.807462 1.160751 72.148438 61.669304 0.010000
1.284539 1.728699 61.406250 51.720730 0.010000
0.925922 1.298160 68.300781 59.236553 0.010000
1.125063 1.527821 62.734375 54.816063 0.010000
0.709551 1.133317 74.863281 63.459259 0.010000
0.567744 1.055246 79.980469 65.842567 0.010000
1.550521 2.020107 53.867188 46.073971 0.010000
0.689592 1.173799 74.804688 62.321995 0.010000
0.715437 1.263329 77.285156 63.914162 0.010000
0.740182 1.248236 76.582031 64.685524 0.010000
0.473645 1.041194 83.671875 68.057755 0.010000
0.942472 1.494646 70.351562 59.236553 0.010000
0.691218 1.283537 76.054688 60.937500 0.010000
0.839613 1.391980 71.386719 59.493671 0.010000
1.222046 1.724646 60.976562 52.007519 0.010000
1.018281 1.454965 67.949219 60.344147 0.010000
0.838341 1.394245 72.792969 60.354034 0.010000
0.324677 0.933195 89.042969 71.805779 0.002000
0.274110 0.919113 90.742188 71.884888 0.002000
0.295893 1.039654 89.785156 69.847710 0.002000
0.235960 0.938763 91.738281 72.320015 0.002000
0.205317 0.953109 93.183594 73.338608 0.002000
0.196379 0.979437 93.457031 72.784813 0.002000
0.173465 0.975673 94.511719 73.022156 0.002000
0.177419 1.002832 94.101562 72.814476 0.002000
0.232781 1.124453 91.406250 71.627769 0.002000
0.215662 1.088667 92.617188 70.915749 0.002000
0.187908 1.058164 93.496094 71.815666 0.002000
0.178616 1.075587 93.808594 71.845337 0.002000
0.244059 1.153495 91.503906 70.500397 0.002000
0.146946 1.018041 94.882812 73.002373 0.000400
0.150904 1.032623 95.332031 72.606804 0.000400
0.116878 1.017253 96.425781 73.724289 0.000400
0.120132 1.036818 96.542969 73.210052 0.000400
0.114932 1.032669 96.562500 73.259499 0.000400
0.112184 1.040465 96.601562 73.091377 0.000400
0.109552 1.031932 96.503906 73.190269 0.000400
0.099062 1.033901 96.875000 73.496834 0.000400
0.103860 1.057272 96.718750 73.328720 0.000400
0.098897 1.044502 96.855469 73.991302 0.000400
0.093364 1.045033 97.265625 73.763847 0.000400
0.086787 1.062258 97.246094 73.328720 0.000400
0.095029 1.061731 97.167969 74.100082 0.000400
0.095272 1.073726 97.128906 73.259499 0.000400
0.089736 1.096856 97.128906 72.873817 0.000400
0.078982 1.095784 97.636719 73.190269 0.000400
0.080613 1.095043 97.441406 73.417725 0.000400
0.077987 1.080352 97.753906 73.397942 0.000400
0.084620 1.092764 97.167969 73.753960 0.000400
0.073617 1.102778 98.085938 73.081490 0.000400
0.069947 1.106383 97.851562 73.358391 0.000400
0.069533 1.108319 98.242188 73.210052 0.000400
0.083676 1.133323 97.441406 73.210052 0.000400
0.068852 1.139583 98.066406 72.735367 0.000400
0.063623 1.126517 97.871094 73.160606 0.000400
0.074503 1.132136 97.421875 73.575951 0.000400
0.070667 1.119422 97.988281 73.783623 0.000400
0.065016 1.143797 98.046875 73.427612 0.000400
0.061473 1.140248 98.242188 73.269386 0.000400
0.066653 1.160069 98.007812 73.566063 0.000400
0.055331 1.125544 98.535156 73.526505 0.000400
0.054210 1.146663 98.339844 73.773735 0.000400
0.059909 1.187563 98.242188 73.041931 0.000400
0.062020 1.207634 98.261719 72.804588 0.000400
0.058938 1.150703 98.066406 73.823181 0.000400
0.059006 1.184072 98.378906 72.814476 0.000400
0.053607 1.176254 98.300781 73.655067 0.000400
0.055446 1.177664 98.476562 73.140823 0.000400
0.055211 1.191156 98.359375 72.725479 0.000400
0.045923 1.180195 98.593750 73.684731 0.000400
0.051474 1.194468 98.457031 73.506729 0.000400
0.047240 1.186677 98.632812 73.318832 0.000400
0.045376 1.230412 98.925781 72.685921 0.000400
0.049598 1.199527 98.476562 73.585838 0.000400
0.047346 1.193894 98.671875 73.655067 0.000400
0.054517 1.220221 98.437500 73.160606 0.000400
0.042493 1.219631 98.906250 73.081490 0.000400
0.045882 1.237267 98.632812 72.913376 0.000400
0.042296 1.208008 98.691406 73.496834 0.000400
0.065917 1.238513 98.125000 73.002373 0.000400
0.044695 1.225804 98.730469 73.635284 0.000400
0.041990 1.211193 98.925781 73.477058 0.000400
0.037332 1.211041 99.082031 73.496834 0.000400
0.056130 1.246234 98.144531 73.299049 0.000400
0.056587 1.275164 98.222656 72.418907 0.000400
0.054152 1.260410 98.476562 72.587029 0.000400
0.047320 1.230045 98.769531 73.041931 0.000400
0.041182 1.203094 98.847656 73.575951 0.000400
0.038596 1.261811 98.789062 73.051819 0.000400
0.040531 1.238884 98.925781 73.279274 0.000080
0.038841 1.211921 98.925781 73.467171 0.000080
0.045070 1.221838 98.808594 73.022156 0.000080
0.039357 1.226866 98.789062 73.061714 0.000080
0.036937 1.214817 99.003906 73.417725 0.000080
0.036016 1.228122 99.121094 73.585838 0.000080
0.036099 1.232776 99.101562 72.972710 0.000080
0.036728 1.213325 99.062500 73.566063 0.000080
0.033775 1.223193 99.140625 73.269386 0.000080
0.039381 1.208361 99.023438 73.664955 0.000080
0.032217 1.222861 99.140625 73.338608 0.000080
0.036022 1.245162 99.003906 73.279274 0.000080
0.030638 1.239205 99.296875 73.299049 0.000080
0.031900 1.218722 99.160156 72.933151 0.000080
0.033381 1.240939 99.179688 72.863922 0.000080
0.031491 1.240556 99.218750 73.130936 0.000080
0.032792 1.265855 99.101562 73.160606 0.000080
0.036731 1.249048 98.886719 72.962822 0.000080
0.047493 1.237847 98.671875 73.397942 0.000080
0.035133 1.269756 99.042969 72.854034 0.000016
0.033620 1.252177 99.218750 73.160606 0.000016
0.038784 1.253824 98.808594 73.417725 0.000016
0.030110 1.242544 99.238281 73.496834 0.000016
0.039696 1.234696 98.769531 73.239716 0.000016
0.030921 1.217616 99.277344 73.279274 0.000016
0.035156 1.244610 99.023438 73.279274 0.000016
0.032915 1.214808 99.042969 73.674843 0.000016
0.033150 1.221328 99.082031 73.496834 0.000016
0.032719 1.204704 99.101562 73.753960 0.000016
0.031930 1.242777 99.218750 73.121048 0.000003
0.034707 1.222619 99.101562 73.219940 0.000003
0.034171 1.226536 99.023438 73.516617 0.000003
0.030375 1.233986 99.316406 73.279274 0.000003
0.031625 1.228644 99.121094 73.289162 0.000003
0.035155 1.263405 98.964844 73.091377 0.000003
0.030469 1.243034 99.199219 73.348495 0.000001
0.030881 1.244367 99.199219 72.883705 0.000001
0.032461 1.210399 99.160156 73.704514 0.000001
0.033123 1.232171 99.179688 73.032043 0.000001
0.029216 1.246434 99.277344 73.180382 0.000001
0.028949 1.251949 99.257812 73.358391 0.000001
0.026134 1.246536 99.433594 73.664955 0.000001
0.031268 1.225980 99.121094 73.417725 0.000001
0.032590 1.232340 99.101562 73.575951 0.000001
0.029062 1.256647 99.218750 73.101265 0.000001
0.031454 1.236246 99.277344 73.289162 0.000001
0.030936 1.219985 99.179688 73.566063 0.000001
0.032344 1.218971 99.140625 73.635284 0.000001
0.029247 1.224729 99.238281 73.289162 0.000001
0.034268 1.205459 98.984375 73.427612 0.000001
0.032203 1.229722 99.335938 73.279274 0.000001
0.035466 1.209485 98.886719 72.943039 0.000001
0.032936 1.227375 99.042969 73.170494 0.000001
0.031078 1.233884 99.238281 73.477058 0.000001
0.036371 1.231389 99.003906 73.635284 0.000001
0.034692 1.222278 99.218750 73.467171 0.000001
0.029778 1.209741 99.316406 73.635284 0.000001
0.032306 1.198588 99.121094 73.813293 0.000001
0.027745 1.218800 99.355469 73.556175 0.000001
0.031403 1.222803 99.101562 73.664955 0.000001
0.029042 1.238028 99.296875 73.269386 0.000001
0.030686 1.215111 99.101562 73.437500 0.000001
0.028616 1.244970 99.296875 73.546280 0.000001
0.038367 1.232026 98.984375 73.467171 0.000001
0.030389 1.237381 99.257812 73.783623 0.000001
0.032784 1.222692 99.042969 73.664955 0.000001
0.027933 1.237261 99.316406 72.952927 0.000001
0.030542 1.202916 99.179688 74.060524 0.000001
0.032255 1.226618 99.101562 73.447388 0.000001
0.033479 1.211551 99.179688 73.734177 0.000001
0.032506 1.237671 99.121094 73.160606 0.000001
0.030249 1.219771 99.238281 73.664955 0.000001
0.032201 1.256525 99.101562 73.051819 0.000001
0.032229 1.239579 99.199219 73.239716 0.000001
0.035336 1.248060 99.003906 72.903481 0.000001
0.031413 1.241818 99.296875 73.536392 0.000001
0.030708 1.245699 99.218750 73.012268 0.000001
0.031743 1.198432 99.160156 73.714401 0.000001
0.032959 1.251355 99.121094 73.496834 0.000001
0.031219 1.234163 99.238281 73.566063 0.000001
0.031504 1.232481 99.140625 73.259499 0.000001
0.025320 1.249256 99.453125 73.022156 0.000001
0.029348 1.240203 99.316406 73.397942 0.000001
