new
1.917389 1.879786 21.320732 22.181566 0.100000
1.713323 1.701524 34.585999 35.294701 0.100000
1.681801 1.682940 43.735615 44.313686 0.100000
1.979587 2.185517 42.088795 40.090981 0.100000
1.923654 2.013944 43.398338 42.820412 0.100000
1.289473 1.454073 59.102859 56.467564 0.100000
1.082555 1.157367 65.862373 64.695412 0.100000
1.049041 1.056721 64.615967 65.437103 0.100000
0.680360 0.704112 78.010315 77.373421 0.100000
0.732852 0.737689 75.869568 76.295494 0.100000
0.940022 1.065852 71.459396 69.491692 0.100000
0.730083 0.765342 76.954521 76.691063 0.100000
0.677672 0.718541 77.750153 76.592171 0.100000
0.715559 0.792970 76.728340 74.831886 0.100000
0.617382 0.665547 81.247208 79.410606 0.100000
0.828126 0.934143 74.436943 72.923264 0.100000
0.579357 0.642777 82.259430 80.340195 0.100000
0.707568 0.764940 76.688377 75.178009 0.100000
0.658168 0.717002 79.521255 78.055779 0.100000
0.584588 0.627363 81.707558 80.132515 0.100000
0.908261 0.986939 73.259270 72.062897 0.100000
0.804860 0.877933 74.563622 72.804588 0.100000
0.556462 0.647411 82.359726 80.359970 0.100000
0.808993 0.856644 75.732094 75.632912 0.100000
0.853983 0.945582 74.944054 73.160606 0.100000
0.702155 0.763650 78.541397 76.700951 0.100000
0.706187 0.736071 77.670639 77.363533 0.100000
0.525478 0.588124 83.296829 81.091774 0.100000
0.598979 0.658789 81.512146 79.855621 0.100000
0.656588 0.731430 78.323601 76.473495 0.100000
0.628113 0.694249 81.161682 78.955696 0.100000
0.728477 0.814041 78.181740 75.820808 0.100000
0.440362 0.496552 85.913521 84.473892 0.100000
0.482599 0.564084 84.189178 82.377373 0.100000
1.009093 1.055256 73.450279 71.894783 0.100000
0.722631 0.775589 78.835526 77.729431 0.100000
0.577493 0.657369 82.322174 80.567642 0.100000
1.005970 1.148295 69.202362 66.604034 0.100000
0.477819 0.529640 85.292519 83.277298 0.100000
0.786598 0.859135 76.931351 75.899925 0.100000
0.644817 0.696020 80.208206 79.084259 0.100000
0.511541 0.569788 83.252480 81.853249 0.100000
0.620316 0.662791 80.181427 79.054588 0.100000
0.645617 0.719251 79.471710 77.976662 0.100000
0.370140 0.486897 88.365166 85.176033 0.050000
0.273421 0.371483 91.326729 88.508705 0.050000
0.342102 0.428505 89.496086 86.708862 0.050000
0.309807 0.423987 89.930862 86.669304 0.050000
0.350379 0.450470 89.424149 86.204514 0.050000
0.325033 0.460761 89.697090 86.056175 0.050000
0.432617 0.571735 86.447807 83.623421 0.050000
0.333125 0.459088 89.432541 85.739716 0.050000
0.510079 0.597057 84.076889 82.357597 0.050000
0.386030 0.502472 87.381310 84.543121 0.050000
0.337875 0.474842 89.112053 85.413376 0.050000
0.376107 0.510015 87.968750 84.276108 0.050000
0.314483 0.429590 90.132675 86.323181 0.050000
0.167528 0.312652 94.706680 90.229431 0.025000
0.180424 0.343659 93.950607 89.705299 0.025000
0.160629 0.341857 94.778610 89.922867 0.025000
0.166982 0.342617 94.799789 89.487740 0.025000
0.187665 0.374382 93.994164 88.706490 0.025000
0.138917 0.314881 95.534683 90.476662 0.025000
0.191240 0.376680 93.951004 88.755936 0.025000
0.210999 0.392457 93.276451 87.935127 0.025000
0.157797 0.338995 94.808983 89.734970 0.025000
0.162256 0.353111 94.807785 89.309731 0.025000
0.204419 0.376107 93.357574 88.528481 0.025000
0.232826 0.424314 92.512787 87.915352 0.025000
0.220235 0.417730 92.965553 87.430779 0.025000
0.162757 0.355240 94.661522 88.746048 0.025000
0.179980 0.356426 94.096863 89.220734 0.025000
0.234660 0.435341 92.538765 87.668121 0.025000
0.172976 0.377133 94.627953 88.736160 0.025000
0.073474 0.308477 97.566734 91.070015 0.012500
0.085895 0.345316 97.231461 90.684341 0.012500
0.073357 0.317935 97.557945 91.010681 0.012500
0.077214 0.330883 97.470825 90.951347 0.012500
0.074946 0.323439 97.583122 91.149132 0.012500
0.079593 0.337629 97.384514 91.020569 0.012500
0.082311 0.343172 97.211075 90.545891 0.012500
0.080306 0.348763 97.476021 90.773338 0.012500
0.087892 0.355073 97.153534 90.446999 0.012500
0.072787 0.327909 97.685822 91.030464 0.012500
0.120043 0.417081 95.997841 88.914162 0.012500
0.090466 0.357531 97.042038 90.357994 0.012500
0.083180 0.343060 97.281410 90.921677 0.012500
0.121819 0.418764 96.158890 89.022942 0.012500
0.094940 0.376403 96.880592 89.823975 0.012500
0.070793 0.321857 97.671837 91.079910 0.012500
0.083815 0.341309 97.206680 90.565666 0.012500
0.100062 0.362015 96.828644 90.140427 0.012500
0.145023 0.425698 95.372444 88.933945 0.012500
0.097190 0.384397 96.778290 89.141617 0.012500
0.108295 0.361470 96.399055 89.804192 0.012500
0.086993 0.358049 97.177505 90.516220 0.012500
0.085464 0.372615 97.203484 89.863533 0.012500
0.075683 0.327943 97.540359 90.803009 0.012500
0.105039 0.394178 96.671593 89.705299 0.012500
0.093657 0.354489 96.904968 90.179985 0.012500
0.121769 0.391646 96.138504 89.359177 0.012500
0.030526 0.318498 99.008553 91.782043 0.006250
0.023308 0.324227 99.234734 92.058945 0.006250
0.021292 0.333633 99.322647 92.039162 0.006250
0.020403 0.330145 99.342628 92.325951 0.006250
0.031006 0.357538 99.025734 91.475479 0.006250
0.023391 0.341727 99.294678 91.702927 0.006250
0.023660 0.326107 99.239532 92.464401 0.006250
0.025816 0.352916 99.182785 91.950157 0.006250
0.023374 0.317465 99.243523 92.405067 0.006250
0.028331 0.365309 99.111649 91.554588 0.006250
0.026327 0.348037 99.161606 91.831490 0.006250
0.031661 0.338327 98.972984 91.712822 0.006250
0.043486 0.391052 98.709236 91.149132 0.006250
0.026984 0.349161 99.122841 91.890823 0.006250
0.032558 0.377176 98.937019 91.346916 0.006250
0.014856 0.352834 99.510468 92.266617 0.003125
0.005790 0.325873 99.842148 92.939087 0.003125
0.006424 0.336876 99.812180 92.780853 0.003125
0.006045 0.343858 99.802193 92.751190 0.003125
0.004673 0.351612 99.862129 92.573181 0.003125
0.007282 0.359106 99.764229 92.296288 0.003125
0.004134 0.340700 99.890106 93.146759 0.003125
0.009781 0.374066 99.682701 92.227058 0.003125
0.006364 0.361839 99.798195 92.385284 0.003125
0.008256 0.375909 99.746246 92.474289 0.003125
0.007793 0.375455 99.749039 92.306175 0.003125
0.004884 0.360565 99.868126 92.503960 0.003125
0.005727 0.367026 99.822166 92.513847 0.003125
0.006431 0.368731 99.828163 92.503960 0.003125
0.006822 0.360156 99.796196 92.592964 0.003125
0.006333 0.363194 99.824165 92.513847 0.003125
0.006094 0.376465 99.826164 92.484177 0.003125
0.007000 0.366745 99.790199 92.583069 0.003125
0.002429 0.351733 99.940056 93.008308 0.001563
0.002117 0.365884 99.932068 92.850082 0.001563
0.002348 0.355018 99.940056 93.097313 0.001563
0.002066 0.352129 99.938858 93.107201 0.001563
0.001754 0.360247 99.960037 93.097313 0.001563
0.001885 0.348858 99.956039 93.077538 0.001563
0.001799 0.352018 99.960037 92.978645 0.001563
0.001710 0.358276 99.966034 93.087425 0.001563
0.001293 0.357924 99.966034 93.008308 0.001563
0.002230 0.362155 99.944054 92.948975 0.001563
0.001865 0.353650 99.952042 93.156647 0.001563
0.002324 0.355080 99.930069 93.097313 0.001563
0.001440 0.348976 99.966034 93.126984 0.001563
0.001168 0.348073 99.976021 93.314873 0.001563
0.001301 0.355815 99.970032 93.077538 0.001563
0.001649 0.357138 99.956039 93.166534 0.001563
0.001187 0.358233 99.972023 93.097313 0.001563
0.001856 0.353729 99.948051 93.265427 0.001563
0.001594 0.365216 99.966034 93.097313 0.001563
0.001228 0.365758 99.978020 93.285210 0.001563
0.001687 0.352408 99.946053 93.304985 0.001563
0.001902 0.362016 99.942055 93.107201 0.001563
0.001077 0.361007 99.980019 93.008308 0.001563
0.001289 0.371765 99.972824 92.859970 0.001563
0.001696 0.366759 99.958038 93.126984 0.001563
0.001393 0.368092 99.968033 92.939087 0.001563
0.001697 0.363598 99.960037 93.295097 0.001563
0.001304 0.363105 99.964035 93.057755 0.001563
0.001172 0.370305 99.978020 93.067642 0.001563
0.001778 0.375185 99.958038 92.929192 0.001563
0.001688 0.377603 99.964035 93.037979 0.001563
0.002037 0.376731 99.954041 93.097313 0.001563
0.001380 0.372681 99.974022 93.215981 0.001563
0.001315 0.365102 99.974022 93.067642 0.001563
0.001141 0.358917 99.976021 93.334656 0.000781
0.000870 0.359214 99.984016 93.433548 0.000781
0.000899 0.354920 99.990005 93.374214 0.000781
0.000675 0.353815 99.990005 93.443436 0.000781
0.000736 0.366627 99.992004 93.255539 0.000781
0.000668 0.363087 99.992004 93.295097 0.000781
0.000732 0.373330 99.994003 93.225876 0.000781
0.000721 0.368686 99.990005 93.245651 0.000781
0.000675 0.362504 99.994003 93.354431 0.000781
0.000687 0.361335 99.990005 93.275322 0.000781
0.000665 0.362905 99.996002 93.364319 0.000781
0.000602 0.360720 99.998001 93.482994 0.000781
0.000651 0.361433 99.990005 93.393990 0.000781
0.000829 0.365761 99.984016 93.502769 0.000781
0.000698 0.359941 99.988014 93.374214 0.000781
0.000581 0.357344 99.994003 93.532440 0.000781
0.000695 0.359297 99.990005 93.453323 0.000781
0.000641 0.370362 99.992004 93.295097 0.000781
0.000480 0.366229 99.998001 93.324768 0.000781
0.000634 0.369962 99.994003 93.235764 0.000781
0.000626 0.374955 99.992004 93.146759 0.000781
0.000852 0.376315 99.992004 93.156647 0.000781
0.000602 0.371563 99.992004 93.117088 0.000781
0.000613 0.371737 99.996002 93.186317 0.000781
0.000653 0.370674 99.992004 93.255539 0.000781
0.000545 0.368590 99.994003 93.275322 0.000781
0.000512 0.370991 99.998001 93.265427 0.000781
0.000506 0.371768 99.998001 93.156647 0.000781
0.000499 0.370697 99.998001 93.196205 0.000781
0.000648 0.366090 99.990005 93.107201 0.000781
0.000464 0.367966 100.000000 93.136871 0.000391
0.000557 0.364341 99.996002 93.136871 0.000391
0.000442 0.366998 100.000000 93.235764 0.000391
0.000631 0.366907 99.992004 93.235764 0.000391
0.000487 0.369565 99.996002 93.225876 0.000391
0.000475 0.367540 100.000000 93.265427 0.000391
0.000563 0.366658 99.996002 93.314873 0.000391
0.000456 0.367306 100.000000 93.304985 0.000391
0.000473 0.366930 100.000000 93.304985 0.000391
0.000518 0.367189 99.998001 93.206093 0.000391
0.000579 0.364239 99.996002 93.136871 0.000391
0.000654 0.364084 99.994003 93.314873 0.000391
0.000511 0.364654 99.998001 93.344543 0.000391
0.000439 0.364591 100.000000 93.334656 0.000391
0.000462 0.362922 99.998001 93.423660 0.000391
0.000575 0.365277 99.998001 93.384102 0.000391
0.000450 0.361562 99.998001 93.265427 0.000391
0.000461 0.365856 99.998001 93.275322 0.000391
0.000448 0.366529 100.000000 93.146759 0.000391
0.000513 0.369481 99.996002 93.176430 0.000391
0.000465 0.372673 99.998001 93.245651 0.000391
0.000432 0.369735 100.000000 93.285210 0.000391
0.000635 0.371881 99.994003 93.245651 0.000391
0.000550 0.370208 99.996002 93.344543 0.000391
0.000470 0.369978 99.996002 93.374214 0.000391
0.000432 0.368543 100.000000 93.314873 0.000391
0.000428 0.369882 100.000000 93.176430 0.000391
0.000406 0.370449 100.000000 93.374214 0.000391
0.000424 0.371487 100.000000 93.206093 0.000391
0.000472 0.372133 99.998001 93.206093 0.000391
0.000501 0.368067 99.996002 93.304985 0.000391
0.000445 0.372434 100.000000 93.176430 0.000391
0.000431 0.371587 100.000000 93.255539 0.000391
0.000511 0.369593 99.996002 93.334656 0.000391
0.000472 0.366262 99.996002 93.245651 0.000391
0.000418 0.365867 100.000000 93.255539 0.000391
0.000525 0.367313 99.998001 93.334656 0.000391
0.000457 0.365706 99.998001 93.413765 0.000391
0.000435 0.365268 100.000000 93.334656 0.000391
0.000462 0.364942 99.998001 93.295097 0.000195
0.000483 0.367870 99.998001 93.245651 0.000195
0.000432 0.365783 100.000000 93.285210 0.000195
0.000458 0.363316 99.996002 93.463211 0.000195
0.000489 0.366133 99.996002 93.334656 0.000195
0.000450 0.365544 99.998001 93.354431 0.000195
0.000421 0.365730 100.000000 93.364319 0.000195
0.000429 0.366819 100.000000 93.354431 0.000195
0.000468 0.365672 99.998001 93.423660 0.000195
0.000481 0.366715 99.998001 93.324768 0.000195
0.000488 0.366320 99.998001 93.393990 0.000195
0.000425 0.364612 100.000000 93.393990 0.000098
0.000520 0.364217 99.998001 93.423660 0.000098
0.000442 0.366248 99.998001 93.453323 0.000098
0.000474 0.366184 99.996002 93.403877 0.000098
0.000432 0.367477 100.000000 93.374214 0.000098
0.000431 0.367097 99.998001 93.384102 0.000098
0.000424 0.365280 100.000000 93.403877 0.000098
0.000407 0.368419 100.000000 93.384102 0.000098
0.000414 0.367401 100.000000 93.364319 0.000098
0.000413 0.368742 100.000000 93.453323 0.000098
0.000415 0.368379 100.000000 93.344543 0.000098
0.000451 0.365784 99.998001 93.443436 0.000049
0.000441 0.366559 99.998001 93.374214 0.000049
0.000429 0.364730 99.998001 93.403877 0.000049
0.000421 0.366082 100.000000 93.443436 0.000049
0.000432 0.364152 99.998001 93.433548 0.000049
0.000421 0.369177 100.000000 93.344543 0.000049
0.000436 0.367311 99.998001 93.384102 0.000049
0.000431 0.365785 99.998001 93.453323 0.000049
0.000464 0.365292 99.996002 93.413765 0.000049
0.000409 0.364475 100.000000 93.403877 0.000049
0.000416 0.365315 100.000000 93.433548 0.000049
0.000422 0.367457 100.000000 93.443436 0.000024
0.000428 0.363932 99.998001 93.403877 0.000024
0.000407 0.364555 100.000000 93.364319 0.000024
0.000412 0.364582 100.000000 93.413765 0.000024
0.000423 0.366274 100.000000 93.334656 0.000024
0.000436 0.368165 99.998001 93.453323 0.000024
0.000480 0.367905 99.996002 93.453323 0.000024
0.000420 0.364821 100.000000 93.502769 0.000024
0.000410 0.363308 100.000000 93.364319 0.000024
0.000431 0.368883 100.000000 93.423660 0.000024
0.000423 0.365120 100.000000 93.423660 0.000024
0.000419 0.364251 100.000000 93.443436 0.000012
0.000451 0.364054 99.998001 93.413765 0.000012
0.000435 0.364875 99.998001 93.423660 0.000012
0.000419 0.365292 100.000000 93.443436 0.000012
0.000459 0.365571 99.996002 93.334656 0.000012
0.000424 0.365884 100.000000 93.413765 0.000012
0.000523 0.367452 99.998001 93.354431 0.000012
0.000426 0.365140 100.000000 93.492882 0.000012
0.000449 0.367654 99.998001 93.463211 0.000012
0.000418 0.362638 100.000000 93.482994 0.000012
0.000419 0.363681 100.000000 93.463211 0.000012
0.000444 0.364778 99.996002 93.433548 0.000006
0.000414 0.366431 100.000000 93.384102 0.000006
0.000420 0.367210 100.000000 93.433548 0.000006
0.000422 0.365266 100.000000 93.443436 0.000006
0.000459 0.364652 99.996002 93.433548 0.000006
0.000443 0.365298 100.000000 93.393990 0.000006
0.000415 0.364857 100.000000 93.512657 0.000006
0.000406 0.368613 100.000000 93.374214 0.000006
