1.768094 1.781229 28.871969 28.550238 0.010000
1.633140 1.642508 39.272160 38.479034 0.010000
1.326324 1.377249 52.841198 51.562500 0.010000
1.128861 1.166001 61.153538 59.928799 0.010000
1.033057 1.094488 63.904655 62.232990 0.010000
0.788347 0.861633 72.304688 70.174049 0.010000
0.718193 0.816344 74.982460 71.924446 0.010000
0.831617 0.948039 71.485168 68.334656 0.010000
0.573490 0.699387 80.037468 76.493279 0.010000
0.577229 0.709191 80.069359 75.514244 0.010000
0.511228 0.663150 82.648285 77.284416 0.010000
0.435914 0.598139 85.130737 79.727058 0.010000
0.580204 0.743190 80.199295 75.385681 0.010000
0.436088 0.610530 85.169800 80.063293 0.010000
0.382488 0.579239 87.229752 81.556572 0.010000
0.366278 0.570997 87.699295 81.240112 0.010000
0.363441 0.582456 87.688934 81.299446 0.010000
0.391782 0.613888 86.756218 80.953323 0.010000
0.494908 0.754095 83.598534 77.225082 0.010000
0.418028 0.702175 86.326530 79.647942 0.010000
0.291352 0.569708 89.831787 82.189484 0.010000
0.302598 0.588456 89.858894 81.695015 0.010000
0.244155 0.531205 91.793686 83.316856 0.010000
0.256074 0.550431 91.140785 82.832283 0.010000
0.298261 0.611578 89.793526 81.793907 0.010000
0.292061 0.606035 90.007973 81.606018 0.010000
0.248582 0.583413 90.823502 81.695015 0.010000
0.242951 0.588962 91.485970 82.229034 0.010000
0.225306 0.576277 92.436226 82.397156 0.010000
0.246378 0.622384 91.765785 81.724686 0.010000
0.285198 0.664137 90.333221 81.279671 0.010000
0.255959 0.636218 91.408638 81.289558 0.010000
0.189927 0.558920 93.405609 84.088211 0.010000
0.201034 0.574311 93.066803 83.405853 0.010000
0.239841 0.657039 92.257652 82.347710 0.010000
0.228449 0.637720 92.075096 82.179588 0.010000
0.159114 0.547657 94.326370 83.702538 0.010000
0.167028 0.585339 94.449936 83.455299 0.010000
0.161561 0.557449 94.520882 84.651901 0.010000
0.128791 0.544479 95.573975 84.859573 0.010000
0.151766 0.589760 94.769608 83.771759 0.010000
0.157767 0.620890 94.553566 83.178406 0.010000
0.145438 0.557085 95.082108 84.117882 0.010000
0.135622 0.578273 95.491867 84.355225 0.010000
0.136122 0.595605 95.422508 84.325554 0.010000
0.136897 0.569490 95.318878 84.701347 0.010000
0.031969 0.458635 99.034599 87.846123 0.002000
0.024979 0.463473 99.234695 88.053802 0.002000
0.019843 0.489281 99.378189 88.103249 0.002000
0.016914 0.520254 99.520882 87.687897 0.002000
0.015459 0.510693 99.525665 87.954910 0.002000
0.013086 0.533376 99.597412 88.034019 0.002000
0.011789 0.520503 99.613358 88.449371 0.002000
0.010990 0.529047 99.688293 88.488930 0.002000
0.010284 0.540482 99.672348 88.093353 0.002000
0.010000 0.564021 99.712212 87.747231 0.002000
0.010140 0.558340 99.681122 88.192245 0.002000
0.009927 0.599867 99.693077 87.658234 0.002000
0.010302 0.579734 99.676338 87.954910 0.002000
0.007559 0.555286 99.752869 88.429588 0.002000
0.008244 0.570555 99.756851 88.360367 0.002000
0.006335 0.584738 99.800697 88.172470 0.002000
0.004723 0.587964 99.876434 87.767014 0.002000
0.006687 0.596813 99.796715 88.132912 0.002000
0.005546 0.597476 99.844543 88.123024 0.002000
0.005964 0.573206 99.816643 88.093353 0.002000
0.006193 0.592626 99.788742 88.409813 0.002000
0.005731 0.601126 99.808670 88.251587 0.002000
0.005181 0.591007 99.843750 88.340591 0.002000
0.004170 0.575524 99.880417 88.449371 0.000400
0.003272 0.553853 99.908318 88.874603 0.000400
0.002795 0.576174 99.924263 88.736160 0.000400
0.003022 0.591065 99.912308 88.657043 0.000400
0.002304 0.568508 99.956154 88.815269 0.000400
0.002901 0.573239 99.932236 88.775711 0.000400
0.002481 0.576208 99.940208 88.666931 0.000400
0.002185 0.574483 99.931442 88.558151 0.000400
0.002051 0.582365 99.944191 88.736160 0.000400
0.001955 0.574787 99.956154 88.696602 0.000400
0.002338 0.580961 99.928253 88.706490 0.000400
0.001662 0.588590 99.956154 88.469147 0.000400
0.001728 0.586056 99.960136 88.399925 0.000400
0.002193 0.577405 99.948181 88.597710 0.000400
0.001923 0.576377 99.952164 88.597710 0.000400
0.001764 0.561411 99.956154 88.904274 0.000400
0.001610 0.592750 99.968109 88.419701 0.000400
0.001281 0.587916 99.992027 88.419701 0.000400
0.001524 0.581848 99.976082 88.884499 0.000400
0.001373 0.581046 99.972099 88.686714 0.000400
0.001666 0.591374 99.976082 88.479034 0.000400
0.001306 0.593775 99.984055 88.488930 0.000400
0.001461 0.573721 99.968109 88.864716 0.000400
0.001616 0.564044 99.956154 89.042725 0.000400
0.001565 0.592148 99.964127 88.825157 0.000080
0.001513 0.592051 99.960136 88.538376 0.000080
0.001236 0.567360 99.984055 89.032837 0.000080
0.001114 0.586954 99.984055 88.835052 0.000080
0.001178 0.581680 99.988037 88.736160 0.000080
0.001432 0.579084 99.976082 88.983391 0.000080
0.000871 0.584254 99.988037 88.726265 0.000080
0.001262 0.592904 99.976082 88.459259 0.000080
0.001448 0.586058 99.968109 88.706490 0.000080
0.001069 0.586177 99.984055 88.637268 0.000080
0.001453 0.575418 99.956154 88.953720 0.000080
0.001306 0.586478 99.980064 88.558151 0.000080
0.001467 0.589212 99.968109 88.310921 0.000080
0.001192 0.588507 99.980064 88.716377 0.000016
0.001188 0.588311 99.984055 88.914162 0.000016
0.001271 0.577554 99.968109 88.657043 0.000016
0.001115 0.604868 99.968109 88.518593 0.000016
0.001104 0.583171 99.980064 88.726265 0.000016
0.001476 0.601046 99.964127 88.518593 0.000016
0.001427 0.567215 99.972099 89.270180 0.000003
0.001205 0.595849 99.972099 88.577927 0.000003
0.001983 0.584626 99.952164 88.765823 0.000003
0.000856 0.590566 99.992027 88.835052 0.000003
0.001287 0.581485 99.992027 88.775711 0.000003
0.001121 0.600093 99.980064 88.607597 0.000003
0.001218 0.613150 99.976082 88.291138 0.000003
0.001155 0.588719 99.984055 88.647156 0.000003
0.001056 0.600741 99.984055 88.508705 0.000003
0.001110 0.591448 99.984055 88.844940 0.000003
0.001330 0.582800 99.980064 88.548264 0.000001
0.001261 0.587831 99.976082 88.607597 0.000001
0.001179 0.576764 99.976082 88.637268 0.000001
0.001142 0.600674 99.984055 88.568039 0.000001
0.001418 0.590235 99.980064 88.815269 0.000001
0.001199 0.588796 99.976082 88.706490 0.000001
0.001294 0.584816 99.972099 88.647156 0.000001
0.001185 0.575987 99.968109 88.736160 0.000001
0.001232 0.599700 99.976082 88.716377 0.000001
0.001449 0.579539 99.972099 88.864716 0.000001
0.001082 0.597114 99.980064 88.419701 0.000001
0.001192 0.585429 99.976082 88.795494 0.000001
0.001273 0.586431 99.976082 88.627373 0.000001
0.001199 0.587143 99.984055 88.696602 0.000001
0.001289 0.591398 99.976082 88.498817 0.000001
0.000825 0.593659 100.000000 88.597710 0.000001
0.001152 0.578632 99.984055 88.558151 0.000001
0.001144 0.571080 99.976082 88.874603 0.000001
0.001148 0.562126 99.976082 89.121841 0.000001
0.001042 0.567433 99.988037 88.835052 0.000001
0.001194 0.596612 99.976082 88.469147 0.000001
0.001162 0.581021 99.976082 88.825157 0.000001
0.001436 0.578680 99.976082 88.785606 0.000001
0.001369 0.578669 99.972099 88.706490 0.000001
0.001171 0.588050 99.980064 88.657043 0.000001
0.001262 0.577335 99.976082 88.785606 0.000001
0.001378 0.592930 99.984055 88.597710 0.000001
0.001161 0.578057 99.980064 88.775711 0.000001
0.001696 0.582371 99.951370 88.627373 0.000001
0.001252 0.567569 99.976082 89.141617 0.000001
0.001285 0.577668 99.968109 88.795494 0.000001
0.001098 0.585242 99.984055 88.666931 0.000001
0.001071 0.582375 99.988037 88.657043 0.000001
0.000891 0.594204 99.992027 88.676819 0.000001
0.001024 0.565434 99.984055 89.220734 0.000001
0.001057 0.579193 99.976082 88.914162 0.000001
0.001082 0.587464 99.976082 88.894386 0.000001
0.001433 0.595127 99.968109 88.736160 0.000001
0.001280 0.590544 99.980064 88.755936 0.000001
0.001224 0.588065 99.968109 88.904274 0.000001
0.001006 0.589651 99.988037 88.607597 0.000001
0.001376 0.587715 99.968109 88.874603 0.000001
0.001293 0.580754 99.968109 88.874603 0.000001
0.001198 0.599759 99.984055 88.528481 0.000001
0.001379 0.597163 99.968109 88.577927 0.000001
0.001291 0.580753 99.972099 88.844940 0.000001
0.001155 0.582588 99.972099 88.666931 0.000001
0.001394 0.585948 99.960136 88.825157 0.000001
0.001267 0.595449 99.968109 88.528481 0.000001
0.001098 0.577842 99.980064 88.686714 0.000001
0.001108 0.588419 99.988037 88.568039 0.000001
0.001156 0.601570 99.976082 88.627373 0.000001
0.001177 0.582720 99.968109 88.755936 0.000001
0.001529 0.592253 99.960136 88.775711 0.000001
0.001053 0.595304 99.992027 88.508705 0.000001
0.001171 0.592770 99.992027 88.528481 0.000001
0.001265 0.609141 99.976082 88.459259 0.000001
0.001200 0.579192 99.976082 88.904274 0.000001
0.001063 0.581840 99.988037 88.943832 0.000001
0.001235 0.582638 99.988037 88.874603 0.000001
0.001451 0.570320 99.984055 88.755936 0.000001
0.001411 0.586473 99.976082 88.746048 0.000001
0.001064 0.571071 99.980064 88.894386 0.000001
0.001469 0.591336 99.960136 88.479034 0.000001
0.001358 0.582805 99.964127 88.815269 0.000001
0.000984 0.572303 99.984055 88.607597 0.000001
0.001499 0.593427 99.960136 88.736160 0.000001
0.001106 0.586213 99.980064 88.914162 0.000001
0.001222 0.562915 99.976082 89.013054 0.000001
0.001696 0.579272 99.964127 88.686714 0.000001
0.001364 0.588229 99.976082 88.657043 0.000001
0.000974 0.568830 99.992027 88.894386 0.000001
0.001448 0.575951 99.968109 89.181175 0.000001
0.000926 0.585473 99.988037 88.518593 0.000001
0.001172 0.570257 99.972099 88.993279 0.000001
0.001047 0.594496 99.996010 88.686714 0.000001
0.001219 0.575323 99.976082 88.765823 0.000001
0.001140 0.581654 99.976082 88.943832 0.000001
