new
1.912959 1.822230 24.481993 26.400000 0.001000
1.565596 1.594989 36.814003 36.510002 0.001000
1.395808 1.394822 48.042011 47.579998 0.001000
1.179547 1.183679 57.033997 56.140003 0.001000
1.089588 1.130074 59.478008 57.879997 0.001000
0.996719 0.978692 65.544022 65.629997 0.001000
0.891434 0.937651 69.098045 67.369995 0.001000
0.762451 0.781370 75.310020 74.459991 0.001000
0.652590 0.681712 78.755936 77.629967 0.001000
0.639132 0.670401 78.533966 76.930008 0.001000
0.582565 0.648535 81.493973 79.709999 0.001000
0.503418 0.570631 84.079918 82.200005 0.001000
0.481695 0.547558 84.767967 82.659988 0.001000
0.456182 0.543932 85.341980 83.000008 0.001000
0.448591 0.528788 85.177917 82.850006 0.001000
0.454545 0.527975 85.703979 83.180008 0.001000
0.410730 0.507303 87.208023 84.429985 0.001000
0.340240 0.466194 89.222061 86.149986 0.001000
0.359236 0.481474 88.404022 85.479988 0.001000
0.311505 0.450124 90.148048 86.570000 0.001000
0.377977 0.492798 87.820053 84.209991 0.001000
0.302066 0.444785 90.440094 86.689995 0.001000
0.282074 0.420494 91.022079 86.710007 0.001000
0.299495 0.477999 90.474068 85.879997 0.001000
0.297635 0.476185 90.592079 85.919998 0.001000
0.278114 0.464956 91.298103 86.370010 0.001000
0.247867 0.433230 92.256096 87.050026 0.001000
0.223681 0.415967 93.008080 87.780014 0.001000
0.216714 0.420167 93.188103 87.669998 0.001000
0.255399 0.432445 91.994072 86.790001 0.001000
0.200235 0.396005 93.706062 88.310005 0.001000
0.182851 0.414198 94.194054 88.470001 0.001000
0.178678 0.411183 94.238075 88.280006 0.001000
0.185393 0.416769 94.122147 87.949997 0.001000
0.173076 0.414909 94.702110 88.119987 0.001000
0.166612 0.399862 94.840027 88.330025 0.001000
0.173158 0.409147 94.720108 88.119980 0.001000
1.842104 2.737790 74.890007 72.159996 0.001000
0.155788 0.384426 95.112129 88.750015 0.001000
0.173024 0.430109 94.728073 88.400009 0.001000
0.092187 0.353159 97.136108 90.589996 0.000100
0.084618 0.344232 97.358078 90.869995 0.000100
0.078355 0.353605 97.490097 90.800011 0.000100
0.071608 0.356449 97.746086 90.850006 0.000100
0.071045 0.371447 97.814072 90.899986 0.000100
0.067459 0.359617 97.890038 90.950005 0.000100
0.063008 0.363771 98.044083 90.999985 0.000100
0.059236 0.371445 98.206047 90.729996 0.000100
0.055765 0.367442 98.266006 91.099998 0.000100
0.053413 0.386275 98.388000 90.739998 0.000100
0.051623 0.374708 98.470047 90.949989 0.000100
0.050116 0.390172 98.466026 90.870010 0.000100
0.047633 0.375820 98.545990 90.769981 0.000100
0.047532 0.384047 98.558037 90.910011 0.000100
0.046783 0.381058 98.606018 90.810020 0.000100
0.043721 0.404215 98.686081 90.829987 0.000100
0.041617 0.407838 98.754005 91.130020 0.000100
0.041390 0.409917 98.741974 90.900009 0.000100
0.040158 0.410053 98.711983 91.000008 0.000100
0.039059 0.402748 98.781990 90.850006 0.000100
0.048565 0.457477 98.487984 90.259995 0.000100
0.037404 0.409161 98.843979 90.929977 0.000100
0.038489 0.397574 98.873978 90.980011 0.000100
0.035061 0.420659 98.978020 91.049995 0.000100
0.033188 0.420653 99.011932 90.930016 0.000100
0.032568 0.436000 99.051918 90.850006 0.000100
0.031347 0.418228 99.107964 90.960014 0.000100
0.031187 0.427422 99.021973 90.969986 0.000100
0.029398 0.426704 99.129959 91.029991 0.000100
0.029722 0.449059 99.101974 90.930000 0.000100
0.030341 0.441842 99.081940 91.030006 0.000100
0.028603 0.442902 99.217987 90.909996 0.000100
0.024833 0.467031 99.253952 91.149986 0.000100
0.027259 0.458842 99.173958 90.950020 0.000100
0.026309 0.476253 99.201950 90.940018 0.000100
0.024494 0.456040 99.303932 91.009987 0.000100
0.024554 0.476675 99.279930 90.979988 0.000100
0.023971 0.485214 99.257965 90.789986 0.000100
0.023913 0.457653 99.329956 91.059975 0.000100
0.023296 0.479395 99.287941 91.100006 0.000100
0.023873 0.460437 99.303947 90.869980 0.000100
0.021587 0.476983 99.365921 91.160019 0.000100
0.021735 0.468117 99.343903 90.920021 0.000100
0.019863 0.471339 99.409943 90.850006 0.000100
0.019708 0.464848 99.461937 91.060005 0.000100
0.021971 0.484961 99.360001 91.019989 0.000100
0.018946 0.483421 99.437943 90.890007 0.000100
0.018004 0.498148 99.503929 90.960007 0.000100
0.018822 0.525003 99.441948 90.869995 0.000100
0.017576 0.497774 99.501907 91.099976 0.000100
0.017695 0.494169 99.497932 91.009995 0.000100
0.018215 0.492505 99.487976 90.869995 0.000100
0.018803 0.499509 99.451942 90.909996 0.000100
0.018235 0.501085 99.449936 90.999985 0.000100
0.016904 0.487841 99.489937 91.000000 0.000100
0.015965 0.491342 99.529945 91.000015 0.000100
0.015416 0.518014 99.517944 91.129997 0.000100
0.016470 0.502058 99.553902 90.889977 0.000100
0.016893 0.508096 99.477959 90.910034 0.000100
0.015841 0.512102 99.533928 91.019981 0.000100
