1.697504 1.704533 40.666958 40.100872 0.010000
1.097166 1.137567 61.923752 61.194622 0.010000
1.032576 1.085696 65.268143 64.191063 0.010000
0.894664 0.948855 69.707077 68.413765 0.010000
0.578905 0.647262 80.097504 78.243675 0.010000
0.528773 0.623458 82.310577 79.598495 0.010000
0.534369 0.638510 81.486977 77.917328 0.010000
0.469383 0.567663 83.879074 81.250000 0.010000
0.464508 0.575218 84.400978 81.012657 0.010000
0.414755 0.535901 86.204445 82.832283 0.010000
0.476910 0.599651 84.082481 81.141220 0.010000
0.328486 0.453237 89.072090 84.899132 0.010000
0.336704 0.479128 88.493050 84.107994 0.010000
0.323316 0.482882 89.019737 84.137657 0.010000
0.269612 0.429544 90.836800 85.363930 0.010000
0.285685 0.445196 90.165840 85.146362 0.010000
0.255347 0.430088 91.142502 86.273735 0.010000
0.243843 0.434646 91.518539 85.710052 0.010000
0.229533 0.417496 92.129555 86.422073 0.010000
0.242563 0.447593 91.685577 86.075951 0.010000
0.194007 0.399600 93.362770 87.035210 0.010000
0.230243 0.436131 92.183502 86.016617 0.010000
0.191432 0.424099 93.503433 86.649529 0.010000
0.237852 0.459237 91.765503 85.621048 0.010000
0.186303 0.408125 93.604141 87.223106 0.010000
0.169220 0.394259 94.164803 87.628563 0.010000
0.175965 0.397945 93.931023 87.509888 0.010000
0.179464 0.413163 93.810341 86.797867 0.010000
0.192053 0.456231 93.391541 86.649529 0.010000
0.186830 0.444280 93.555786 86.422073 0.010000
0.218439 0.482906 92.647057 85.799049 0.010000
0.192532 0.462334 93.371559 86.867088 0.010000
0.052838 0.320899 98.268860 90.714005 0.002000
0.041866 0.320417 98.641304 90.941460 0.002000
0.037473 0.348850 98.805946 90.852455 0.002000
0.032537 0.327104 98.917038 91.159019 0.002000
0.030247 0.352556 99.027733 91.089798 0.002000
0.027510 0.349554 99.064896 91.376587 0.002000
0.024701 0.355714 99.195572 90.941460 0.002000
0.027658 0.376692 99.071693 90.862343 0.002000
0.020237 0.355295 99.365410 91.346916 0.002000
0.019246 0.346989 99.356216 91.435921 0.002000
0.020217 0.371468 99.332642 91.020569 0.002000
0.021002 0.402998 99.310661 90.862343 0.002000
0.019208 0.390759 99.356613 90.921677 0.002000
0.015495 0.388103 99.496086 91.248024 0.002000
0.017353 0.377618 99.401375 91.149132 0.002000
0.013881 0.399624 99.568413 90.842567 0.002000
0.014493 0.388746 99.492485 91.168907 0.002000
0.013625 0.396734 99.566414 91.040352 0.002000
0.012154 0.387336 99.629158 91.159019 0.002000
0.015446 0.399179 99.475304 91.030464 0.002000
0.011670 0.390545 99.628357 90.842567 0.002000
0.013015 0.399203 99.566414 91.356804 0.002000
0.015746 0.410732 99.424553 90.971123 0.002000
0.013369 0.392800 99.583199 90.931572 0.002000
0.010351 0.398708 99.665123 90.951347 0.002000
0.011902 0.389958 99.638344 90.901901 0.002000
0.008960 0.420509 99.706284 90.446999 0.002000
0.012384 0.417452 99.578407 90.921677 0.002000
0.016385 0.412756 99.444931 91.010681 0.002000
0.011654 0.410427 99.618362 90.892014 0.002000
0.009855 0.423584 99.700287 90.714005 0.002000
0.010793 0.408401 99.662323 91.149132 0.002000
0.008863 0.390965 99.699089 91.257912 0.002000
0.010501 0.413411 99.634354 90.753563 0.002000
0.011951 0.398329 99.581200 91.060127 0.002000
0.009475 0.398584 99.689896 91.317245 0.002000
0.011202 0.427520 99.620361 90.832680 0.002000
0.009708 0.410669 99.694290 91.089798 0.002000
0.009041 0.399570 99.693092 91.079910 0.002000
0.005133 0.386121 99.862129 91.801819 0.000400
0.003672 0.379708 99.890106 91.544701 0.000400
0.003708 0.381059 99.890106 91.623817 0.000400
0.002708 0.390260 99.932068 91.475479 0.000400
0.002765 0.379393 99.936058 91.742485 0.000400
0.002405 0.389811 99.954041 91.890823 0.000400
0.002627 0.378867 99.922073 91.910606 0.000400
0.002030 0.388557 99.954041 91.673264 0.000400
0.002062 0.385590 99.952042 91.673264 0.000400
0.002080 0.402090 99.958038 91.366692 0.000400
0.001688 0.384060 99.976021 91.880936 0.000400
0.002381 0.380902 99.936058 91.811714 0.000400
0.001999 0.385192 99.954041 91.732597 0.000400
0.002007 0.386312 99.942055 91.841377 0.000400
0.001784 0.398351 99.970032 91.465591 0.000400
0.002038 0.403775 99.940056 91.663376 0.000400
0.001416 0.394383 99.974022 91.910606 0.000400
0.001847 0.390251 99.962036 91.930382 0.000400
0.001489 0.395247 99.970032 91.683151 0.000400
0.001484 0.406007 99.974022 91.831490 0.000400
0.001596 0.407312 99.964035 91.742485 0.000400
0.001467 0.396374 99.972023 91.821602 0.000400
0.001675 0.389829 99.952843 91.801819 0.000400
0.001287 0.384559 99.974022 91.940269 0.000080
0.001315 0.396673 99.972023 91.742485 0.000080
0.001090 0.386903 99.988014 91.861160 0.000080
0.001398 0.402909 99.976021 91.920494 0.000080
0.001152 0.392405 99.982018 91.722710 0.000080
0.001158 0.395621 99.980019 91.801819 0.000080
0.001355 0.387034 99.972023 92.157837 0.000080
0.001197 0.401163 99.982018 91.584259 0.000080
0.001287 0.394045 99.970032 91.495255 0.000080
0.001167 0.401891 99.980019 91.791931 0.000016
0.001282 0.393011 99.976021 91.613930 0.000016
0.000947 0.397468 99.988014 91.989716 0.000016
0.000947 0.391393 99.992004 91.821602 0.000016
0.001253 0.403849 99.980019 91.752373 0.000016
0.001264 0.397981 99.974022 91.791931 0.000016
0.001279 0.397098 99.978020 91.821602 0.000016
0.001274 0.402333 99.976021 91.426033 0.000016
0.001005 0.389673 99.984016 91.791931 0.000016
0.001236 0.391037 99.972023 91.673264 0.000016
0.001037 0.394033 99.986015 91.762268 0.000003
0.001132 0.383355 99.980019 92.009499 0.000003
0.001044 0.400361 99.988014 91.999603 0.000003
0.001142 0.396947 99.980019 91.742485 0.000003
0.001066 0.392089 99.982018 92.058945 0.000003
0.001232 0.385770 99.970032 92.187500 0.000003
0.001178 0.386172 99.978020 91.782043 0.000001
0.000979 0.393211 99.986015 91.910606 0.000001
0.001223 0.393846 99.970032 91.910606 0.000001
0.001211 0.409935 99.978020 91.732597 0.000001
0.001015 0.405842 99.986015 91.772156 0.000001
0.001265 0.391845 99.972023 91.752373 0.000001
0.001055 0.382165 99.984016 91.930382 0.000001
0.001455 0.412979 99.970032 91.445808 0.000001
0.001227 0.398230 99.980019 91.791931 0.000001
0.001135 0.387480 99.982018 91.732597 0.000001
0.001034 0.398840 99.982018 91.772156 0.000001
0.001125 0.393304 99.982018 91.979828 0.000001
0.001108 0.381653 99.980019 92.128166 0.000001
0.001394 0.407237 99.972023 91.653481 0.000001
0.001265 0.393456 99.976021 91.890823 0.000001
0.001074 0.404318 99.980019 91.416145 0.000001
0.001026 0.385811 99.984016 91.772156 0.000001
0.001264 0.391294 99.974022 91.999603 0.000001
0.001140 0.416137 99.980019 91.485367 0.000001
0.001008 0.385100 99.988014 92.078720 0.000001
0.001202 0.395490 99.976021 91.801819 0.000001
0.001153 0.400374 99.978020 91.920494 0.000001
0.001146 0.379182 99.974022 91.999603 0.000001
0.001185 0.390074 99.980019 91.811714 0.000001
0.000973 0.405293 99.992004 91.742485 0.000001
0.001101 0.397903 99.978821 91.495255 0.000001
0.001024 0.391774 99.992004 91.772156 0.000001
0.001209 0.402093 99.980019 91.910606 0.000001
0.001171 0.410818 99.982018 91.534813 0.000001
0.001095 0.395320 99.978020 92.009499 0.000001
0.000943 0.400665 99.990005 91.821602 0.000001
