2.049175 2.012222 22.355000 23.765924 0.100000
1.729105 1.760448 32.482498 32.175556 0.100000
1.542908 1.496620 42.695000 45.352310 0.100000
1.125972 1.116018 59.715000 60.061707 0.100000
1.112260 1.076355 60.769997 62.320862 0.100000
1.095670 1.088898 65.464996 65.644905 0.100000
0.960298 0.974130 67.732498 67.764732 0.100000
1.047583 1.087353 66.424995 65.654861 0.100000
0.839123 0.801741 71.809998 73.248405 0.100000
1.118191 1.061170 64.637497 66.719749 0.100000
1.306009 1.210908 62.119999 64.589966 0.100000
0.897376 0.852665 70.599998 71.148491 0.100000
0.913499 0.952718 70.369995 69.854698 0.100000
0.748407 0.766382 75.939995 74.960190 0.100000
0.953722 1.012875 69.787498 68.720146 0.100000
0.865276 0.906780 72.334999 71.447052 0.100000
0.908301 0.897802 72.667496 73.218552 0.100000
0.934569 0.977055 71.619995 70.093552 0.100000
0.768307 0.782865 75.522499 75.427948 0.100000
0.646428 0.692378 79.165001 77.796577 0.050000
0.576337 0.627491 81.622498 80.105492 0.050000
0.652917 0.695794 79.209999 78.413612 0.050000
0.659263 0.744224 78.952499 76.741638 0.050000
0.470018 0.525663 84.339996 82.613457 0.050000
0.510252 0.557854 83.652496 82.563698 0.050000
0.610441 0.677551 81.079994 79.239655 0.050000
0.510446 0.547265 83.837502 82.583603 0.050000
0.546361 0.625597 82.479996 80.573250 0.050000
0.693404 0.779228 76.107498 74.382965 0.050000
0.334629 0.417736 88.924995 86.285828 0.025000
0.306068 0.391408 89.970001 87.271103 0.025000
0.375375 0.470264 87.500000 84.713379 0.025000
0.348361 0.429209 88.607498 86.046974 0.025000
0.328618 0.432538 89.044998 86.196259 0.025000
0.348874 0.449886 88.822495 85.469749 0.025000
0.300006 0.401069 90.307495 86.833199 0.025000
0.356199 0.451255 88.392494 85.589172 0.025000
0.377165 0.489145 88.107498 85.380173 0.025000
0.392741 0.538168 86.962502 83.290207 0.025000
0.246494 0.360418 91.799995 88.684319 0.025000
0.317799 0.424933 89.647499 86.395302 0.025000
0.352174 0.449278 88.717499 85.499603 0.025000
0.317836 0.416937 90.067497 86.683922 0.025000
0.397206 0.540293 87.462502 83.877388 0.025000
0.256583 0.381642 91.610001 87.878189 0.025000
0.179255 0.354004 94.172501 89.281448 0.012500
0.166057 0.345434 94.637497 89.221741 0.012500
0.153242 0.331067 94.912498 89.500397 0.012500
0.151964 0.364562 94.889999 88.793793 0.012500
0.152076 0.342135 95.114998 89.709396 0.012500
0.197716 0.402854 93.284996 88.057327 0.012500
0.150655 0.347032 95.000000 89.102310 0.012500
0.133144 0.311252 95.744995 90.137344 0.012500
0.169150 0.360362 94.534996 88.972931 0.012500
0.150055 0.333590 95.044998 90.007965 0.012500
0.142365 0.331549 95.312500 89.589966 0.012500
0.202667 0.395489 93.072495 87.888138 0.012500
0.152832 0.350686 94.930000 89.201836 0.012500
0.060927 0.290433 98.044998 91.500801 0.006250
0.062749 0.294360 97.924995 91.212181 0.006250
0.072838 0.321278 97.529999 90.754379 0.006250
0.057082 0.300383 98.032501 91.341560 0.006250
0.071525 0.338469 97.587494 90.634956 0.006250
0.068386 0.342426 97.779999 90.625000 0.006250
0.063209 0.307703 97.962494 91.311707 0.006250
0.110528 0.415119 96.452499 89.550163 0.006250
0.077728 0.348453 97.404999 90.525482 0.006250
0.026376 0.291094 99.204994 92.137741 0.003125
0.022733 0.315487 99.332497 91.888931 0.003125
0.022448 0.320831 99.235001 92.197456 0.003125
0.022296 0.322896 99.237495 92.058121 0.003125
0.022996 0.326927 99.264999 91.878983 0.003125
0.026416 0.349154 99.092499 91.401276 0.003125
0.020054 0.312708 99.349998 92.167595 0.003125
0.015989 0.312588 99.494995 92.406448 0.003125
0.023334 0.342172 99.232498 91.779457 0.003125
0.021141 0.320225 99.324997 91.948647 0.003125
0.020496 0.346269 99.322495 91.779457 0.003125
0.015588 0.332841 99.509995 92.068077 0.003125
0.019002 0.318243 99.399994 92.167595 0.003125
0.019461 0.334333 99.369995 91.739655 0.003125
0.022121 0.351710 99.262497 91.600319 0.003125
0.024369 0.341949 99.220001 91.739655 0.003125
0.025057 0.336804 99.187500 91.590370 0.003125
0.008686 0.306911 99.737495 92.615448 0.001563
0.006111 0.307059 99.812500 92.804543 0.001563
0.008282 0.327240 99.729996 92.695068 0.001563
0.005956 0.331244 99.805000 92.535828 0.001563
0.004862 0.332598 99.862495 92.595543 0.001563
0.004075 0.335857 99.884995 92.685112 0.001563
0.005575 0.338365 99.824997 92.754776 0.001563
0.005084 0.321145 99.829994 92.794586 0.001563
0.005455 0.342907 99.827499 92.436310 0.001563
0.005182 0.326687 99.829994 92.675163 0.001563
0.004946 0.334993 99.854996 92.515923 0.001563
0.002802 0.321997 99.917496 92.923965 0.000781
0.002638 0.333692 99.927498 92.804543 0.000781
0.002187 0.329176 99.937500 93.053345 0.000781
0.001800 0.330277 99.952499 93.222534 0.000781
0.002067 0.329681 99.949997 93.232483 0.000781
0.001446 0.333224 99.957497 93.093155 0.000781
0.001758 0.329064 99.957497 93.053345 0.000781
0.001843 0.331143 99.957497 93.152870 0.000781
0.001058 0.320226 99.987495 93.232483 0.000781
0.001380 0.326458 99.959999 93.212578 0.000781
0.001728 0.333393 99.964996 93.113060 0.000781
0.001392 0.331308 99.967499 93.232483 0.000781
0.001311 0.337297 99.967499 93.033440 0.000781
0.001386 0.330739 99.957497 93.103104 0.000781
0.001078 0.327544 99.987495 93.242439 0.000391
0.001049 0.333027 99.979996 93.262344 0.000391
0.001413 0.331482 99.959999 93.172775 0.000391
0.000835 0.327984 99.982498 93.282249 0.000391
0.000868 0.330726 99.979996 93.302155 0.000391
0.000751 0.333744 99.982498 93.222534 0.000391
0.000846 0.329229 99.987495 93.242439 0.000391
0.000768 0.332912 99.985001 93.272293 0.000391
0.001053 0.330845 99.974998 93.341957 0.000391
0.000938 0.334999 99.985001 93.162819 0.000391
0.000939 0.333531 99.977501 93.282249 0.000391
0.000660 0.333677 99.989998 93.262344 0.000195
0.000680 0.335230 99.987495 93.222534 0.000195
0.000735 0.333746 99.992500 93.262344 0.000195
0.000601 0.334637 99.992500 93.312103 0.000195
0.000513 0.334462 99.994995 93.262344 0.000195
0.000665 0.334838 99.989998 93.192680 0.000195
0.000481 0.334353 99.997498 93.152870 0.000195
0.000493 0.335214 100.000000 93.222534 0.000195
0.000583 0.335971 99.992500 93.312103 0.000195
0.000494 0.334642 99.994995 93.312103 0.000195
0.000570 0.334659 99.992500 93.262344 0.000195
0.000570 0.334753 99.994995 93.212578 0.000195
0.000665 0.333416 99.985001 93.232483 0.000098
0.000485 0.333672 99.997498 93.252388 0.000098
0.000495 0.333616 99.997498 93.242439 0.000098
0.000562 0.331551 99.992500 93.292198 0.000098
0.000628 0.334319 99.989998 93.202629 0.000098
0.000478 0.333139 99.992500 93.262344 0.000098
0.000518 0.332206 99.989998 93.262344 0.000098
0.000650 0.333705 99.989998 93.282249 0.000098
0.000466 0.329612 99.997498 93.282249 0.000098
0.000539 0.331677 99.989998 93.292198 0.000098
0.000494 0.333010 99.997498 93.202629 0.000098
0.000721 0.331862 99.985001 93.242439 0.000098
0.000532 0.332713 99.997498 93.172775 0.000098
0.000575 0.336309 99.989998 93.172775 0.000098
0.000588 0.331720 99.994995 93.182724 0.000049
0.000480 0.334504 99.997498 93.142914 0.000049
0.000433 0.333800 100.000000 93.232483 0.000049
0.000460 0.333571 99.997498 93.292198 0.000049
0.000565 0.334828 99.989998 93.212578 0.000049
0.000533 0.333726 99.989998 93.222534 0.000049
0.000537 0.332899 99.994995 93.272293 0.000049
0.000504 0.331917 99.992500 93.332008 0.000049
0.000471 0.332722 99.992500 93.282249 0.000024
0.000495 0.332975 99.992500 93.252388 0.000024
0.000417 0.332025 100.000000 93.192680 0.000024
0.000674 0.334863 99.992500 93.341957 0.000024
0.000440 0.334049 99.997498 93.252388 0.000024
0.000472 0.334393 99.992500 93.272293 0.000024
0.000508 0.334117 99.994995 93.292198 0.000024
0.000453 0.334046 99.997498 93.312103 0.000024
0.000467 0.334939 100.000000 93.252388 0.000012
0.000479 0.334480 99.994995 93.252388 0.000012
0.000622 0.332095 99.985001 93.381767 0.000012
0.000464 0.333460 99.997498 93.272293 0.000012
0.000399 0.334687 100.000000 93.232483 0.000012
0.000474 0.333136 99.997498 93.312103 0.000012
0.000415 0.334488 99.997498 93.292198 0.000012
0.000525 0.335346 99.994995 93.361862 0.000012
0.000503 0.332001 99.994995 93.172775 0.000012
0.000423 0.332772 100.000000 93.162819 0.000012
0.000578 0.331344 99.994995 93.292198 0.000006
0.000444 0.333356 99.994995 93.272293 0.000006
0.000535 0.331290 99.997498 93.272293 0.000006
0.000523 0.333898 99.994995 93.312103 0.000006
0.000485 0.337070 99.997498 93.212578 0.000006
0.000480 0.334033 99.997498 93.252388 0.000006
0.000441 0.331430 99.997498 93.341957 0.000003
0.000434 0.333926 99.997498 93.282249 0.000003
0.000411 0.333396 100.000000 93.262344 0.000003
0.000474 0.333530 99.997498 93.202629 0.000003
0.000550 0.333985 99.987495 93.212578 0.000003
0.000491 0.334193 99.994995 93.242439 0.000002
0.000569 0.332113 99.992500 93.192680 0.000002
0.000451 0.333972 100.000000 93.242439 0.000002
0.000554 0.332705 99.994995 93.192680 0.000002
0.000419 0.332526 99.997498 93.182724 0.000002
0.000407 0.334568 100.000000 93.232483 0.000002
0.000691 0.332719 99.987495 93.292198 0.000001
0.000394 0.332176 100.000000 93.272293 0.000001
0.000471 0.332826 99.997498 93.351913 0.000001
0.000448 0.334821 99.997498 93.252388 0.000001
0.000680 0.332526 99.987495 93.212578 0.000001
0.000574 0.333576 99.989998 93.242439 0.000001
0.000492 0.333726 99.994995 93.212578 0.000001
0.000423 0.333913 100.000000 93.232483 0.000000
0.000516 0.332516 99.994995 93.222534 0.000000
0.000497 0.332716 99.994995 93.272293 0.000000
0.000458 0.333236 99.997498 93.262344 0.000000
0.000428 0.332188 99.997498 93.242439 0.000000
0.000410 0.334271 100.000000 93.322052 0.000000
0.000597 0.331650 99.989998 93.341957 0.000000
0.000602 0.333351 99.994995 93.252388 0.000000
0.000430 0.333484 100.000000 93.202629 0.000000
0.000428 0.332680 99.997498 93.262344 0.000000
0.000506 0.332557 99.997498 93.262344 0.000000
0.000488 0.331469 99.997498 93.202629 0.000000
0.000529 0.332272 99.997498 93.242439 0.000000
0.000666 0.333575 99.992500 93.252388 0.000000
0.000477 0.333715 99.994995 93.341957 0.000000
0.000443 0.332794 99.994995 93.222534 0.000000
0.000511 0.332841 99.997498 93.262344 0.000000
0.000546 0.334387 99.994995 93.292198 0.000000
0.000478 0.333078 99.997498 93.341957 0.000000
0.000466 0.332652 99.994995 93.262344 0.000000
0.000477 0.334119 99.994995 93.292198 0.000000
0.000469 0.332420 99.994995 93.332008 0.000000
0.000506 0.333337 99.994995 93.252388 0.000000
0.000488 0.334640 99.994995 93.282249 0.000000
0.000509 0.333850 99.994995 93.242439 0.000000
0.000502 0.331601 99.994995 93.202629 0.000000
0.000470 0.333993 99.994995 93.202629 0.000000
0.000423 0.336810 100.000000 93.272293 0.000000
0.000579 0.332789 99.989998 93.212578 0.000000
0.000533 0.332502 99.992500 93.312103 0.000000
0.000609 0.335174 99.997498 93.292198 0.000000
0.000411 0.336968 99.997498 93.202629 0.000000
0.000499 0.333347 99.994995 93.272293 0.000000
0.000491 0.332572 99.994995 93.222534 0.000000
0.000457 0.331377 99.997498 93.312103 0.000000
0.000481 0.333738 99.994995 93.242439 0.000000
0.000372 0.333270 100.000000 93.252388 0.000000
0.000500 0.333331 99.997498 93.192680 0.000000
0.000397 0.333311 100.000000 93.322052 0.000000
0.000453 0.333804 99.994995 93.351913 0.000000
0.000483 0.332429 99.997498 93.242439 0.000000
0.000608 0.334552 99.994995 93.212578 0.000000
0.000579 0.333395 99.994995 93.322052 0.000000
0.000480 0.333627 99.994995 93.312103 0.000000
0.000592 0.333036 99.992500 93.282249 0.000000
0.000552 0.335199 99.992500 93.162819 0.000000
0.000398 0.334816 100.000000 93.152870 0.000000
0.000495 0.331909 99.997498 93.272293 0.000000
0.000425 0.333330 99.997498 93.202629 0.000000
0.000437 0.333054 100.000000 93.272293 0.000000
0.000399 0.334545 99.997498 93.292198 0.000000
0.000485 0.332341 99.992500 93.292198 0.000000
0.000470 0.332120 99.997498 93.302155 0.000000
0.000545 0.333365 99.997498 93.302155 0.000000
0.000476 0.332485 99.994995 93.242439 0.000000
0.000549 0.332065 99.987495 93.302155 0.000000
0.000423 0.333708 100.000000 93.292198 0.000000
0.000496 0.331935 99.994995 93.262344 0.000000
0.000435 0.332593 99.994995 93.212578 0.000000
0.000487 0.332248 99.994995 93.252388 0.000000
0.000569 0.333661 99.994995 93.172775 0.000000
0.000558 0.334390 99.992500 93.282249 0.000000
0.000446 0.334189 99.992500 93.252388 0.000000
0.000447 0.332079 99.994995 93.202629 0.000000
0.000461 0.333392 99.997498 93.262344 0.000000
0.000462 0.333360 99.994995 93.262344 0.000000
0.000433 0.332912 99.997498 93.242439 0.000000
0.000383 0.334376 100.000000 93.302155 0.000000
0.000456 0.332927 99.997498 93.142914 0.000000
0.000528 0.332911 99.992500 93.282249 0.000000
0.000506 0.335846 99.997498 93.272293 0.000000
0.000438 0.334611 99.997498 93.242439 0.000000
0.000516 0.333339 99.994995 93.252388 0.000000
0.000445 0.332585 99.997498 93.292198 0.000000
0.000487 0.331249 99.994995 93.341957 0.000000
0.000467 0.332074 99.997498 93.381767 0.000000
0.000643 0.333928 99.994995 93.272293 0.000000
0.000611 0.333295 99.992500 93.192680 0.000000
0.000403 0.331859 99.997498 93.242439 0.000000
0.000476 0.334363 99.992500 93.292198 0.000000
0.000493 0.333620 99.992500 93.282249 0.000000
0.000440 0.332442 99.994995 93.242439 0.000000
0.000464 0.334993 99.997498 93.262344 0.000000
0.000522 0.333277 99.994995 93.361862 0.000000
0.000589 0.332304 99.997498 93.242439 0.000000
0.000497 0.332827 99.997498 93.312103 0.000000
0.000496 0.333416 99.994995 93.322052 0.000000
0.000400 0.334606 100.000000 93.182724 0.000000
0.000590 0.332477 99.989998 93.292198 0.000000
0.000446 0.334246 99.994995 93.292198 0.000000
0.000590 0.333699 99.989998 93.222534 0.000000
0.000419 0.333111 99.997498 93.182724 0.000000
0.000456 0.332962 99.997498 93.262344 0.000000
0.000445 0.332799 99.997498 93.222534 0.000000
0.000426 0.332080 100.000000 93.262344 0.000000
0.000518 0.334219 99.997498 93.212578 0.000000
0.000484 0.334209 99.994995 93.242439 0.000000
0.000426 0.333551 99.997498 93.302155 0.000000
0.000560 0.333820 99.987495 93.232483 0.000000
0.000462 0.334287 99.994995 93.242439 0.000000
0.000500 0.333984 99.997498 93.262344 0.000000
0.000566 0.333490 99.994995 93.262344 0.000000
0.000534 0.333586 99.997498 93.242439 0.000000
0.000463 0.334566 99.994995 93.232483 0.000000
