1.992001 1.954457 18.772499 20.312500 0.100000 1.957387 19.765127
1.687947 1.663611 36.070000 36.504776 0.100000 1.672445 36.624203
1.382243 1.395514 48.090000 48.527069 0.100000 1.399725 48.736069
1.120093 1.091310 60.882500 62.549763 0.100000 1.078191 62.430336
1.302385 1.358443 58.285000 57.016323 0.100000 1.335634 58.300159
1.007863 1.054015 66.494995 66.242043 0.100000 1.037014 65.873810
0.986602 1.030985 67.150002 66.709793 0.100000 1.013462 67.565689
0.952175 1.014390 68.930000 67.555733 0.100000 1.003335 67.874207
0.917347 0.924132 69.834999 69.655655 0.100000 0.936724 69.367043
0.846754 0.869030 71.264999 70.889732 0.100000 0.852604 71.138535
0.821646 0.845656 72.507500 72.263138 0.100000 0.824014 72.720940
0.785699 0.796236 74.084999 73.377785 0.100000 0.785188 73.765923
0.612665 0.667976 80.275002 78.990845 0.050000 0.645819 79.936310
0.562087 0.620839 81.592499 80.185112 0.050000 0.593609 80.513535
0.653961 0.698349 78.092499 76.920784 0.050000 0.700986 77.189491
0.641346 0.723869 78.902496 76.562500 0.050000 0.694877 77.617439
0.570819 0.652237 81.402496 78.941086 0.050000 0.640584 79.229698
0.647558 0.733160 78.377495 76.214172 0.050000 0.725724 75.467758
0.576662 0.663808 81.027496 78.712181 0.050000 0.633693 78.921181
0.532334 0.610959 81.799995 79.687500 0.050000 0.576019 80.603104
0.462725 0.540629 84.707497 82.434319 0.050000 0.518039 83.220543
0.695975 0.816710 77.887497 74.343155 0.050000 0.791984 75.427948
0.501665 0.577158 83.439995 81.349525 0.050000 0.552695 82.165604
0.311723 0.429021 89.574997 86.037025 0.025000 0.399133 86.813301
0.282878 0.406005 90.779999 86.673965 0.025000 0.384578 87.360672
0.280580 0.407463 90.667496 86.713776 0.025000 0.385372 87.271103
0.310975 0.437260 89.822495 85.539413 0.025000 0.410984 86.395302
0.310596 0.426989 89.729996 85.798172 0.025000 0.414457 86.435112
0.307801 0.446239 89.917496 85.808121 0.025000 0.416881 86.564491
0.335922 0.457840 89.025002 85.210991 0.025000 0.430634 85.658836
0.329946 0.472847 88.889999 84.822853 0.025000 0.446031 85.459793
0.320853 0.463299 89.089996 84.992043 0.025000 0.448638 85.439888
0.298838 0.469061 90.067497 85.081612 0.025000 0.431935 86.236069
0.289528 0.433510 90.074997 86.305733 0.025000 0.405490 86.624207
0.170144 0.353680 94.307495 89.082405 0.012500 0.342649 89.052551
0.159112 0.366913 94.827499 88.873405 0.012500 0.348678 89.430733
0.156987 0.382728 94.672501 88.316086 0.012500 0.353402 88.903267
0.190004 0.427932 93.637497 87.211388 0.012500 0.394492 87.878189
0.197532 0.414027 93.195000 87.161629 0.012500 0.377255 88.345940
0.150613 0.397572 94.985001 88.216560 0.012500 0.348211 89.609871
0.187597 0.423154 93.587494 87.211388 0.012500 0.384756 88.176750
0.162841 0.403958 94.392494 87.818474 0.012500 0.358665 88.763931
0.168443 0.388700 94.392494 88.316086 0.012500 0.363259 88.803741
0.141311 0.360139 95.224998 89.042595 0.012500 0.350320 89.390923
0.204202 0.444342 93.312500 87.111862 0.012500 0.413894 87.758759
0.076054 0.347041 97.474998 90.226913 0.006250 0.308372 90.923569
0.078866 0.362758 97.342499 89.639732 0.006250 0.336900 90.226913
0.064137 0.362833 97.739998 90.127388 0.006250 0.336197 90.625000
0.060203 0.375974 97.887497 90.037819 0.006250 0.336390 90.505577
0.064486 0.358858 97.847496 89.888535 0.006250 0.331687 90.605095
0.085701 0.370408 97.107498 89.938301 0.006250 0.354690 89.858681
0.049685 0.341045 98.419998 90.754379 0.006250 0.303721 91.570465
0.079150 0.393650 97.292496 89.152069 0.006250 0.351622 90.286629
0.054870 0.361358 98.122498 89.978104 0.006250 0.320077 90.903664
0.073927 0.371610 97.427498 89.361069 0.006250 0.344705 90.535431
0.063009 0.373233 97.924995 89.968155 0.006250 0.351690 90.127388
0.020578 0.323844 99.412498 91.381371 0.003125 0.300321 91.759552
0.019405 0.333549 99.379997 91.271896 0.003125 0.311524 91.829224
0.020758 0.348657 99.337494 91.321655 0.003125 0.314606 91.839172
0.020691 0.356704 99.342499 91.023094 0.003125 0.333433 91.640129
0.015225 0.360010 99.512497 91.371422 0.003125 0.329466 91.918793
0.021694 0.369669 99.287498 91.082802 0.003125 0.348749 91.520699
0.014995 0.350252 99.529999 91.470940 0.003125 0.338917 91.948647
0.019078 0.362876 99.419998 91.152466 0.003125 0.327033 91.520699
0.022121 0.358005 99.284996 91.202232 0.003125 0.339763 91.610275
0.017230 0.343528 99.474998 91.470940 0.003125 0.326473 91.958603
0.025486 0.381719 99.149994 90.973328 0.003125 0.353872 91.331612
0.007821 0.343114 99.777496 91.789413 0.001563 0.310714 92.416405
0.006489 0.339408 99.842499 91.988457 0.001563 0.309886 92.515923
0.005802 0.347465 99.839996 91.869034 0.001563 0.318958 92.416405
0.005111 0.350038 99.864998 91.918793 0.001563 0.311207 92.655258
0.005385 0.355472 99.889999 92.018311 0.001563 0.331747 92.257164
0.004843 0.351419 99.884995 91.988457 0.001563 0.321174 92.665207
0.004128 0.356816 99.912498 91.958603 0.001563 0.329110 92.257164
0.005540 0.368470 99.849998 91.739655 0.001563 0.331767 92.486069
0.004523 0.357333 99.884995 92.137741 0.001563 0.331662 92.326836
0.004539 0.368385 99.889999 91.888931 0.001563 0.345560 92.277069
0.003785 0.363663 99.922501 92.008362 0.001563 0.342950 92.287025
0.002842 0.360464 99.930000 91.948647 0.000781 0.340763 92.237259
0.002039 0.350229 99.962494 92.217361 0.000781 0.332886 92.605492
0.002962 0.358149 99.934998 92.137741 0.000781 0.343614 92.436310
0.002113 0.358877 99.962494 92.177551 0.000781 0.339270 92.406448
0.002090 0.357613 99.962494 92.336784 0.000781 0.337319 92.585594
0.002401 0.358789 99.959999 92.336784 0.000781 0.336813 92.446259
0.001680 0.356562 99.982498 92.287025 0.000781 0.343059 92.695068
0.002086 0.359624 99.959999 92.287025 0.000781 0.345687 92.416405
0.001830 0.366531 99.974998 92.058121 0.000781 0.344141 92.555733
0.001591 0.363432 99.982498 92.147690 0.000781 0.342430 92.446259
0.001900 0.359854 99.962494 92.227310 0.000781 0.343366 92.436310
0.001519 0.358317 99.972496 92.356689 0.000391 0.339821 92.625397
0.001681 0.358464 99.974998 92.296974 0.000391 0.344393 92.595543
0.001195 0.355076 99.985001 92.296974 0.000391 0.339264 92.575638
0.001271 0.355974 99.982498 92.406448 0.000391 0.338943 92.645302
0.001371 0.354869 99.985001 92.396500 0.000391 0.337205 92.744827
0.001477 0.356311 99.979996 92.346741 0.000391 0.335747 92.615448
0.001055 0.358048 99.989998 92.356689 0.000391 0.342143 92.535828
0.001539 0.358601 99.970001 92.306931 0.000391 0.340060 92.545784
0.001368 0.357728 99.977501 92.356689 0.000391 0.341060 92.625397
0.001141 0.361557 99.982498 92.277069 0.000391 0.343916 92.615448
0.001579 0.364151 99.979996 92.267120 0.000391 0.344459 92.645302
0.001091 0.361582 99.982498 92.237259 0.000195 0.341082 92.625397
0.000975 0.359671 99.997498 92.277069 0.000195 0.342192 92.565689
0.001303 0.358976 99.977501 92.296974 0.000195 0.341229 92.535828
0.001050 0.362012 99.987495 92.296974 0.000195 0.341523 92.585594
0.001028 0.359281 99.992500 92.406448 0.000195 0.340297 92.625397
0.001086 0.359431 99.989998 92.426353 0.000195 0.341322 92.615448
0.000971 0.360825 99.989998 92.416405 0.000195 0.337375 92.675163
0.001153 0.359524 99.987495 92.386543 0.000195 0.336196 92.734871
0.001050 0.358795 99.994995 92.436310 0.000195 0.335893 92.655258
0.001060 0.359562 99.987495 92.396500 0.000195 0.340028 92.605492
0.000824 0.362814 99.997498 92.346741 0.000195 0.342350 92.595543
0.001125 0.362244 99.985001 92.386543 0.000098 0.339155 92.635353
0.000975 0.359718 99.994995 92.436310 0.000098 0.337653 92.605492
0.000872 0.362262 100.000000 92.416405 0.000098 0.340234 92.545784
0.001165 0.362452 99.985001 92.416405 0.000098 0.339253 92.605492
0.000937 0.362201 99.994995 92.386543 0.000098 0.339594 92.575638
0.001080 0.361243 99.985001 92.466164 0.000098 0.336096 92.734871
0.001000 0.360893 99.987495 92.525879 0.000098 0.338227 92.605492
0.001154 0.363981 99.979996 92.396500 0.000098 0.344051 92.565689
0.001066 0.360685 99.994995 92.476112 0.000098 0.334960 92.814491
0.001078 0.361913 99.992500 92.496017 0.000098 0.337129 92.734871
0.000994 0.359469 99.992500 92.456215 0.000098 0.335384 92.675163
0.000892 0.362795 99.997498 92.496017 0.000049 0.336680 92.794586
0.001006 0.360446 99.992500 92.436310 0.000049 0.334451 92.734871
0.000845 0.362043 100.000000 92.416405 0.000049 0.338388 92.724922
0.000950 0.360392 99.987495 92.535828 0.000049 0.336941 92.774681
0.000995 0.361003 99.997498 92.565689 0.000049 0.337596 92.645302
0.000963 0.358072 99.997498 92.515923 0.000049 0.335855 92.714966
0.001032 0.362254 99.992500 92.456215 0.000049 0.338649 92.565689
0.000858 0.360694 99.997498 92.396500 0.000049 0.336867 92.615448
0.001019 0.359337 99.989998 92.496017 0.000049 0.336317 92.635353
0.001007 0.362907 99.985001 92.496017 0.000049 0.339861 92.595543
0.001003 0.361423 99.987495 92.466164 0.000049 0.336292 92.635353
0.000867 0.361137 99.997498 92.416405 0.000024 0.339432 92.685112
0.000860 0.360646 99.994995 92.476112 0.000024 0.337125 92.695068
0.000971 0.359062 99.987495 92.525879 0.000024 0.334977 92.625397
0.000934 0.360639 99.989998 92.476112 0.000024 0.336278 92.665207
0.000859 0.359548 99.997498 92.476112 0.000024 0.335407 92.605492
0.000863 0.357468 99.994995 92.456215 0.000024 0.337925 92.685112
0.000928 0.358304 99.989998 92.525879 0.000024 0.336966 92.724922
0.000856 0.359588 99.997498 92.416405 0.000024 0.339376 92.585594
0.000944 0.362434 99.997498 92.456215 0.000024 0.341391 92.605492
0.000862 0.359974 99.997498 92.486069 0.000024 0.334654 92.695068
0.000923 0.360977 99.994995 92.486069 0.000024 0.336371 92.764732
0.001073 0.358949 99.994995 92.436310 0.000012 0.333843 92.714966
0.000984 0.360024 99.994995 92.585594 0.000012 0.336713 92.675163
0.001019 0.358372 99.989998 92.525879 0.000012 0.336098 92.685112
0.000951 0.362457 99.987495 92.486069 0.000012 0.336680 92.695068
0.000920 0.358785 99.992500 92.565689 0.000012 0.336415 92.605492
0.000913 0.362154 99.992500 92.505974 0.000012 0.339451 92.525879
0.000860 0.361545 99.994995 92.456215 0.000012 0.336734 92.595543
0.000880 0.361644 100.000000 92.436310 0.000012 0.335911 92.575638
0.000946 0.362315 99.994995 92.476112 0.000012 0.336272 92.615448
0.000951 0.361168 99.989998 92.376595 0.000012 0.336419 92.685112
0.000999 0.357952 99.992500 92.456215 0.000012 0.336007 92.675163
0.000958 0.360301 99.989998 92.515923 0.000006 0.335836 92.615448
0.000954 0.358707 99.989998 92.565689 0.000006 0.335943 92.655258
0.001068 0.359260 99.989998 92.505974 0.000006 0.335868 92.635353
0.001053 0.361275 99.989998 92.535828 0.000006 0.337912 92.695068
0.000929 0.360135 99.994995 92.416405 0.000006 0.337375 92.635353
0.000959 0.361770 99.987495 92.466164 0.000006 0.338753 92.685112
0.000927 0.360227 99.989998 92.575638 0.000006 0.335805 92.645302
0.000936 0.360332 99.994995 92.486069 0.000006 0.336716 92.714966
0.000888 0.360010 99.997498 92.496017 0.000006 0.335969 92.645302
0.001078 0.360420 99.985001 92.486069 0.000006 0.336087 92.744827
0.000878 0.359332 99.994995 92.486069 0.000006 0.337601 92.635353
0.000886 0.359622 99.992500 92.436310 0.000003 0.338415 92.605492
0.000876 0.361060 99.994995 92.436310 0.000003 0.339072 92.575638
0.000836 0.361170 99.997498 92.496017 0.000003 0.337060 92.655258
0.000995 0.360326 99.992500 92.446259 0.000003 0.336074 92.764732
0.000816 0.361736 100.000000 92.515923 0.000003 0.339959 92.655258
0.000937 0.359135 99.992500 92.446259 0.000003 0.335490 92.615448
0.000829 0.359332 100.000000 92.406448 0.000003 0.335164 92.645302
0.000972 0.362735 99.989998 92.505974 0.000003 0.337220 92.804543
0.000837 0.361138 99.994995 92.476112 0.000003 0.335973 92.675163
0.000944 0.363426 99.992500 92.555733 0.000003 0.340598 92.605492
0.000779 0.360114 99.997498 92.346741 0.000003 0.336093 92.645302
0.000866 0.360970 99.992500 92.436310 0.000002 0.338008 92.655258
0.000938 0.360837 99.992500 92.436310 0.000002 0.338841 92.675163
0.000863 0.358634 99.997498 92.525879 0.000002 0.335900 92.645302
0.000899 0.359844 99.997498 92.376595 0.000002 0.336108 92.685112
0.000848 0.359664 99.997498 92.436310 0.000002 0.335994 92.625397
0.000947 0.360859 99.987495 92.436310 0.000002 0.336023 92.695068
0.000888 0.360397 99.997498 92.436310 0.000002 0.336256 92.655258
0.000846 0.359257 99.997498 92.505974 0.000002 0.336687 92.675163
0.000852 0.359282 99.994995 92.595543 0.000002 0.335454 92.734871
0.000949 0.360732 99.987495 92.525879 0.000002 0.338268 92.575638
0.000867 0.360045 99.997498 92.456215 0.000002 0.336848 92.695068
0.001013 0.361181 99.987495 92.406448 0.000001 0.337659 92.675163
0.001024 0.360502 99.989998 92.535828 0.000001 0.338722 92.675163
0.000890 0.358795 99.994995 92.426353 0.000001 0.335545 92.635353
0.000974 0.362958 99.992500 92.515923 0.000001 0.338386 92.615448
0.000892 0.360034 99.992500 92.496017 0.000001 0.335842 92.645302
0.000896 0.361368 99.992500 92.505974 0.000001 0.334679 92.754776
0.000884 0.360860 99.997498 92.515923 0.000001 0.335205 92.705017
0.000889 0.358388 99.997498 92.476112 0.000001 0.338625 92.615448
0.000850 0.358649 99.997498 92.486069 0.000001 0.337249 92.635353
0.000838 0.359707 99.997498 92.515923 0.000001 0.336889 92.705017
0.000949 0.361640 99.994995 92.436310 0.000001 0.336287 92.645302
0.001007 0.361686 99.989998 92.496017 0.000000 0.337578 92.754776