2.020674 2.022274 20.330000 20.063694 0.100000
1.873231 1.861430 22.295000 23.059315 0.100000
1.661505 1.690567 35.355000 35.141323 0.100000
1.504508 1.435480 43.777500 46.825241 0.100000
1.290904 1.271929 54.807499 55.463776 0.100000
1.153243 1.131981 60.739998 61.544586 0.100000
0.963391 0.973627 66.445000 65.853905 0.100000
1.122735 1.119476 64.119995 65.276672 0.100000
0.910244 0.920762 70.320000 70.601112 0.100000
0.900553 0.904008 69.494995 69.685509 0.100000
0.842315 0.840758 71.077499 71.287819 0.100000
0.816839 0.836830 72.427498 72.004379 0.100000
0.954756 0.964305 69.802498 70.173172 0.100000
0.881403 0.931540 70.625000 69.745224 0.100000
0.842936 0.904660 72.927498 71.526672 0.100000
0.994795 1.013521 68.494995 68.391724 0.100000
0.757616 0.758671 74.654999 74.482483 0.100000
1.040750 1.060198 68.564995 68.889336 0.100000
0.728659 0.758165 75.229996 74.542198 0.100000
0.692867 0.713628 77.114998 76.393311 0.100000
0.769774 0.763363 74.684998 74.741241 0.100000
0.676382 0.703700 76.404999 76.084793 0.100000
0.581231 0.601958 81.224998 80.583199 0.100000
0.756782 0.768670 74.782501 74.920380 0.100000
0.793859 0.774962 73.577499 74.144112 0.100000
0.947292 0.909216 70.497498 72.004379 0.100000
0.602436 0.607422 79.930000 79.697456 0.100000
0.584334 0.626834 80.854996 79.856689 0.100000
0.461031 0.509666 84.842499 83.439491 0.050000
0.422043 0.483334 86.062500 83.986862 0.050000
0.545212 0.592909 81.192497 80.015923 0.050000
0.417993 0.462320 86.040001 84.235672 0.050000
0.475529 0.530694 84.129997 82.603508 0.050000
0.543551 0.600891 82.362495 80.334396 0.050000
0.457667 0.514708 84.695000 82.663216 0.050000
0.467702 0.517067 84.577499 82.693077 0.050000
0.497349 0.536219 83.544998 82.732880 0.050000
0.246057 0.347886 92.009995 88.335991 0.025000
0.288926 0.402396 90.449997 86.385353 0.025000
0.313178 0.454669 89.445000 85.151276 0.025000
0.270580 0.410552 90.735001 86.156448 0.025000
0.264767 0.385202 91.347496 87.549759 0.025000
0.279670 0.409640 90.602501 86.315689 0.025000
0.180681 0.331841 93.922501 88.992836 0.012500
0.166563 0.343399 94.422501 89.062500 0.012500
0.163568 0.362405 94.472496 88.734077 0.012500
0.202212 0.410460 93.214996 87.420387 0.012500
0.159114 0.350381 94.567497 88.903267 0.012500
0.214149 0.416107 92.894997 87.559715 0.012500
0.152928 0.349773 94.824997 89.221741 0.012500
0.142467 0.345534 95.127495 89.171974 0.012500
0.163903 0.355915 94.479996 89.241638 0.012500
0.158533 0.366860 94.449997 88.117043 0.012500
0.157486 0.368476 94.477501 88.564888 0.012500
0.155446 0.354947 94.724998 88.972931 0.012500
0.149677 0.364638 94.970001 88.614655 0.012500
0.073674 0.309953 97.534996 90.714569 0.006250
0.083016 0.337461 97.177498 90.167198 0.006250
0.068012 0.330745 97.665001 90.406052 0.006250
0.074099 0.362763 97.369995 90.077629 0.006250
0.068207 0.345464 97.667496 90.555336 0.006250
0.068943 0.334416 97.697495 90.465767 0.006250
0.072650 0.349788 97.612495 90.296577 0.006250
0.086618 0.370761 96.937500 89.739250 0.006250
0.024291 0.300842 99.262497 91.809319 0.003125
0.022778 0.305486 99.292496 91.878983 0.003125
0.022039 0.327149 99.239998 91.789413 0.003125
0.032100 0.357505 98.899994 91.072853 0.003125
0.022644 0.343222 99.239998 91.341560 0.003125
0.015956 0.338310 99.487495 91.859077 0.003125
0.019826 0.351398 99.362495 91.719749 0.003125
0.019661 0.358472 99.357498 91.550560 0.003125
0.017364 0.344932 99.474998 91.590370 0.003125
0.017129 0.364577 99.467499 91.401276 0.003125
0.016910 0.342584 99.439995 91.600319 0.003125
0.009360 0.332083 99.699997 91.968552 0.001563
0.006583 0.319515 99.817497 92.386543 0.001563
0.005593 0.330373 99.860001 92.655258 0.001563
0.005393 0.327906 99.882500 92.714966 0.001563
0.005426 0.340249 99.852501 92.356689 0.001563
0.006086 0.350005 99.832497 92.396500 0.001563
0.005325 0.351349 99.869995 92.386543 0.001563
0.006646 0.358659 99.817497 92.197456 0.001563
0.005702 0.356153 99.842499 92.227310 0.001563
0.005071 0.346839 99.852501 92.217361 0.001563
0.005207 0.354130 99.849998 92.078026 0.001563
0.005182 0.348978 99.869995 92.416405 0.001563
0.005361 0.345229 99.854996 92.525879 0.001563
0.004494 0.357948 99.872498 92.296974 0.001563
0.003601 0.363256 99.912498 92.048172 0.001563
0.004305 0.367417 99.879997 92.058121 0.001563
0.005374 0.363304 99.849998 92.237259 0.001563
0.005960 0.369794 99.847496 92.486069 0.001563
0.005041 0.361340 99.869995 92.346741 0.001563
0.005197 0.367195 99.857498 92.277069 0.001563
0.003005 0.351936 99.942497 92.595543 0.000781
0.002863 0.347703 99.930000 92.615448 0.000781
0.002464 0.352191 99.959999 92.834396 0.000781
0.002527 0.349668 99.930000 92.705017 0.000781
0.002148 0.349668 99.959999 92.625397 0.000781
0.001967 0.348832 99.967499 92.705017 0.000781
0.002081 0.350750 99.957497 92.754776 0.000781
0.001672 0.344624 99.974998 92.864250 0.000781
0.002450 0.348577 99.949997 92.744827 0.000781
0.002491 0.352119 99.954994 92.804543 0.000781
0.002511 0.353078 99.942497 92.744827 0.000781
0.002065 0.350266 99.962494 92.844345 0.000781
0.002099 0.359709 99.952499 92.714966 0.000781
0.001328 0.346730 99.985001 92.904060 0.000391
0.001528 0.349255 99.974998 92.784637 0.000391
0.001484 0.351899 99.985001 92.734871 0.000391
0.001242 0.350636 99.985001 92.894112 0.000391
0.001138 0.352435 99.992500 92.814491 0.000391
0.001363 0.353800 99.985001 92.834396 0.000391
0.001305 0.351896 99.985001 92.744827 0.000391
0.001294 0.348238 99.982498 92.904060 0.000391
0.001078 0.349916 99.992500 92.943871 0.000391
0.001405 0.350293 99.987495 92.933922 0.000391
0.001169 0.349696 99.989998 92.983681 0.000391
0.001538 0.353165 99.977501 92.943871 0.000391
0.001173 0.351451 99.987495 92.824448 0.000391
0.001172 0.350818 99.987495 92.894112 0.000391
0.001142 0.353915 99.989998 92.784637 0.000195
0.000985 0.350826 99.992500 92.983681 0.000195
0.000985 0.353102 99.994995 92.804543 0.000195
0.001016 0.351363 99.989998 92.953819 0.000195
0.001086 0.352085 99.992500 92.923965 0.000195
0.001053 0.350380 99.992500 92.854301 0.000195
0.001178 0.352403 99.987495 92.854301 0.000195
0.001155 0.350150 99.989998 92.784637 0.000098
0.000942 0.349356 99.994995 92.864250 0.000098
0.001139 0.348046 99.987495 92.943871 0.000098
0.001029 0.347616 99.989998 92.933922 0.000098
0.001024 0.347339 99.987495 92.864250 0.000098
0.000925 0.349834 99.994995 92.963776 0.000098
0.000857 0.349846 100.000000 92.914017 0.000098
0.000872 0.349078 99.997498 92.874207 0.000098
0.001134 0.347699 99.992500 92.914017 0.000098
0.001143 0.347508 99.987495 92.804543 0.000098
0.001047 0.349718 99.994995 92.884155 0.000098
0.000937 0.345394 99.994995 93.003586 0.000098
0.000951 0.346610 99.994995 92.963776 0.000049
0.000968 0.349575 99.989998 92.844345 0.000049
0.001019 0.346775 99.989998 92.904060 0.000049
0.000880 0.348139 99.997498 92.914017 0.000049
0.000950 0.346292 99.992500 92.973724 0.000049
0.000880 0.348941 99.997498 92.923965 0.000049
0.000870 0.347032 100.000000 93.013535 0.000024
0.000966 0.348563 99.992500 92.923965 0.000024
0.000962 0.347297 99.994995 92.864250 0.000024
